   datafolder    mlmethod n.trees shrinkage interaction.depth inscore   outscore  sd        
1  8ch1300ms_pca gbm      300     0.01       1                0.7275347 0.6383843 0.04460974 0.39176
2  8ch1300ms_pca gbm      300     0.01      10                0.9516576 0.6518434 0.05837904
3  8ch1300ms_pca gbm      300     0.01      20                0.9951038 0.6511854 0.05777209
4  8ch1300ms_pca gbm      300     0.05       1                0.8211786 0.6404870 0.05004233
5  8ch1300ms_pca gbm      300     0.05      10                0.9998328 0.6246151 0.03032404
6  8ch1300ms_pca gbm      300     0.05      20                1.0000000 0.6309062 0.04002546
7  8ch1300ms_pca gbm      500     0.01       1                0.7550873 0.6420008 0.04614625
8  8ch1300ms_pca gbm      500     0.01      10                0.9843494 0.6475249 0.05708958
9  8ch1300ms_pca gbm      500     0.01      20                0.9993684 0.6466633 0.05682355
10 8ch1300ms_pca gbm      500     0.05       1                0.8661685 0.6467419 0.04181641
11 8ch1300ms_pca gbm      500     0.05      10                0.9999996 0.6328122 0.03665999
12 8ch1300ms_pca gbm      500     0.05      20                1.0000000 0.6268543 0.03552256
13 8ch1300ms_pca gbm      700     0.01       1                0.7735038 0.6492734 0.05055472
14 8ch1300ms_pca gbm      700     0.01      10                0.9951921 0.6525303 0.05961134 ???
15 8ch1300ms_pca gbm      700     0.01      20                0.9999192 0.6426595 0.05354550
16 8ch1300ms_pca gbm      700     0.05       1                0.8991018 0.6430846 0.04780119
17 8ch1300ms_pca gbm      700     0.05      10                1.0000000 0.6250868 0.03532036
18 8ch1300ms_pca gbm      700     0.05      20                1.0000000 0.6285026 0.03458053

