   datafolder mlmethod n.trees shrinkage interaction.depth inscore   outscore  sd        
1  8ch1300ms  gbm      300     0.01       1                0.6326667 0.5396564 0.03593099
2  8ch1300ms  gbm      300     0.01      10                0.9128581 0.5611820 0.06407664
3  8ch1300ms  gbm      300     0.01      20                0.9736206 0.5740807 0.04828285
4  8ch1300ms  gbm      300     0.05       1                0.7071786 0.5488114 0.03172980
5  8ch1300ms  gbm      300     0.05      10                0.9959300 0.5716752 0.03505074
6  8ch1300ms  gbm      300     0.05      20                0.9999837 0.5749463 0.05248238
7  8ch1300ms  gbm      500     0.01       1                0.6521538 0.5424278 0.03206775 ???
8  8ch1300ms  gbm      500     0.01      10                0.9525932 0.5693261 0.05353294
9  8ch1300ms  gbm      500     0.01      20                0.9925176 0.5786763 0.04654782
10 8ch1300ms  gbm      500     0.05       1                0.7414706 0.5506973 0.03445976
11 8ch1300ms  gbm      500     0.05      10                0.9998557 0.5763787 0.04731356
12 8ch1300ms  gbm      500     0.05      20                0.9999989 0.5738041 0.04986569
13 8ch1300ms  gbm      700     0.01       1                0.6690593 0.5440331 0.03206355
14 8ch1300ms  gbm      700     0.01      10                0.9751942 0.5739411 0.04876904
15 8ch1300ms  gbm      700     0.01      20                0.9978195 0.5648063 0.06506481
16 8ch1300ms  gbm      700     0.05       1                0.7644974 0.5504744 0.03947038
17 8ch1300ms  gbm      700     0.05      10                0.9999949 0.5850113 0.04588629 0.47839
18 8ch1300ms  gbm      700     0.05      20                0.9999991 0.5832323 0.04859133

