   datafolder mlmethod ntree mtry nodesize score     sd        
1  8ch13sec   rf        200   10   1       0.5544164 0.04093943
2  8ch13sec   rf        200   10   5       0.5571644 0.03101636
3  8ch13sec   rf        200   10  10       0.5597361 0.03777805
4  8ch13sec   rf        200   10  20       0.5550238 0.03229985
5  8ch13sec   rf        200   30   1       0.5620035 0.04007610
6  8ch13sec   rf        200   30   5       0.5636956 0.03942633
7  8ch13sec   rf        200   30  10       0.5604451 0.03318127
8  8ch13sec   rf        200   30  20       0.5538732 0.03244440
9  8ch13sec   rf        200   70   1       0.5543027 0.04659916
10 8ch13sec   rf        200   70   5       0.5642444 0.04156995
11 8ch13sec   rf        200   70  10       0.5609422 0.03710775
12 8ch13sec   rf        200   70  20       0.5535318 0.03435327
13 8ch13sec   rf        200  100   1       0.5605668 0.04140497
14 8ch13sec   rf        200  100   5       0.5544312 0.05232041
15 8ch13sec   rf        200  100  10       0.5527615 0.05554766
16 8ch13sec   rf        200  100  20       0.5538609 0.05053446
17 8ch13sec   rf        500   10   1       0.5585374 0.03978852
18 8ch13sec   rf        500   10   5       0.5612387 0.04264296
19 8ch13sec   rf        500   10  10       0.5581282 0.03730526
20 8ch13sec   rf        500   10  20       0.5552803 0.03051837
21 8ch13sec   rf        500   30   1       0.5619571 0.04474851
22 8ch13sec   rf        500   30   5       0.5624954 0.03876039
23 8ch13sec   rf        500   30  10       0.5653941 0.04138524
24 8ch13sec   rf        500   30  20       0.5595573 0.03222036
25 8ch13sec   rf        500   70   1       0.5590196 0.04903238
26 8ch13sec   rf        500   70   5       0.5611871 0.04424596
27 8ch13sec   rf        500   70  10       0.5639855 0.04134373
28 8ch13sec   rf        500   70  20       0.5620912 0.03670755
29 8ch13sec   rf        500  100   1       0.5589533 0.05005910
30 8ch13sec   rf        500  100   5       0.5609176 0.04120983
31 8ch13sec   rf        500  100  10       0.5629123 0.04117078
32 8ch13sec   rf        500  100  20       0.5577293 0.03894632
33 8ch13sec   rf       1000   10   1       0.5582126 0.04227368
34 8ch13sec   rf       1000   10   5       0.5532513 0.04833992
35 8ch13sec   rf       1000   10  10       0.5599550 0.03718091
36 8ch13sec   rf       1000   10  20       0.5526579 0.03183724
37 8ch13sec   rf       1000   30   1       0.5630900 0.04434997
38 8ch13sec   rf       1000   30   5       0.5599646 0.04336268
39 8ch13sec   rf       1000   30  10       0.5562799 0.05330774
40 8ch13sec   rf       1000   30  20       0.5555873 0.03609109
41 8ch13sec   rf       1000   70   1       0.5579313 0.04870119
42 8ch13sec   rf       1000   70   5       0.5634810 0.04464861
43 8ch13sec   rf       1000   70  10       0.5638593 0.04185276
44 8ch13sec   rf       1000   70  20       0.5611620 0.03335285
45 8ch13sec   rf       1000  100   1       0.5637598 0.04512980 *
46 8ch13sec   rf       1000  100   5       0.5672878 0.04514136
47 8ch13sec   rf       1000  100  10       0.5635519 0.04156374
48 8ch13sec   rf       1000  100  20       0.5610504 0.03476182

