   datafolder mlmethod ntree mtry nodesize score     sd
1  cz2sec     rf        200   10   1       0.5560993 NA
2  cz2sec     rf        200   10   5       0.5587299 NA
3  cz2sec     rf        200   10  10       0.5551776 NA
4  cz2sec     rf        200   10  20       0.5681804 NA
5  cz2sec     rf        200   30   1       0.5581239 NA
6  cz2sec     rf        200   30   5       0.5606107 NA
7  cz2sec     rf        200   30  10       0.5607146 NA
8  cz2sec     rf        200   30  20       0.5688971 NA
9  cz2sec     rf        200   70   1       0.5572423 NA
10 cz2sec     rf        200   70   5       0.5614667 NA
11 cz2sec     rf        200   70  10       0.5603229 NA
12 cz2sec     rf        200   70  20       0.5736101 NA
13 cz2sec     rf        200  100   1       0.5602152 NA
14 cz2sec     rf        200  100   5       0.5603925 NA
15 cz2sec     rf        200  100  10       0.5600394 NA
16 cz2sec     rf        200  100  20       0.5695741 NA
17 cz2sec     rf        500   10   1       0.5581483 NA
18 cz2sec     rf        500   10   5       0.5579141 NA
19 cz2sec     rf        500   10  10       0.5599746 NA
20 cz2sec     rf        500   10  20       0.5688760 NA
21 cz2sec     rf        500   30   1       0.5605326 NA
22 cz2sec     rf        500   30   5       0.5599776 NA
23 cz2sec     rf        500   30  10       0.5609930 NA
24 cz2sec     rf        500   30  20       0.5757781 NA 0.57118
25 cz2sec     rf        500   70   1       0.5620085 NA
26 cz2sec     rf        500   70   5       0.5598173 NA
27 cz2sec     rf        500   70  10       0.5617117 NA
28 cz2sec     rf        500   70  20       0.5670074 NA
29 cz2sec     rf        500  100   1       0.5606518 NA
30 cz2sec     rf        500  100   5       0.5628660 NA
31 cz2sec     rf        500  100  10       0.5595859 NA
32 cz2sec     rf        500  100  20       0.5725108 NA
33 cz2sec     rf       1000   10   1       0.5592443 NA
34 cz2sec     rf       1000   10   5       0.5589863 NA
35 cz2sec     rf       1000   10  10       0.5582736 NA
36 cz2sec     rf       1000   10  20       0.5662215 NA
37 cz2sec     rf       1000   30   1       0.5610068 NA
38 cz2sec     rf       1000   30   5       0.5601779 NA
39 cz2sec     rf       1000   30  10       0.5609192 NA
40 cz2sec     rf       1000   30  20       0.5728776 NA
41 cz2sec     rf       1000   70   1       0.5597315 NA
42 cz2sec     rf       1000   70   5       0.5580938 NA
43 cz2sec     rf       1000   70  10       0.5607760 NA
44 cz2sec     rf       1000   70  20       0.5725973 NA
45 cz2sec     rf       1000  100   1       0.5609937 NA
46 cz2sec     rf       1000  100   5       0.5605672 NA
47 cz2sec     rf       1000  100  10       0.5610812 NA
48 cz2sec     rf       1000  100  20       0.5751507 NA

   datafolder mlmethod n.trees shrinkage interaction.depth score     sd
1  cz2sec     gbm       500    0.01       1                0.5389907 NA
2  cz2sec     gbm       500    0.01       2                0.5495931 NA
3  cz2sec     gbm       500    0.01       3                0.5515044 NA
4  cz2sec     gbm       500    0.01       5                0.5523778 NA
5  cz2sec     gbm       500    0.01      10                0.5610028 NA
6  cz2sec     gbm       500    0.01      20                0.5633512 NA
7  cz2sec     gbm       500    0.01      30                0.5644534 NA 0.56884
8  cz2sec     gbm       500    0.05       1                0.5364062 NA
9  cz2sec     gbm       500    0.05       2                0.5445660 NA
10 cz2sec     gbm       500    0.05       3                0.5509775 NA
11 cz2sec     gbm       500    0.05       5                0.5537222 NA
12 cz2sec     gbm       500    0.05      10                0.5516300 NA
13 cz2sec     gbm       500    0.05      20                0.5555225 NA
14 cz2sec     gbm       500    0.05      30                0.5514809 NA
15 cz2sec     gbm       500    0.10       1                0.5345914 NA
16 cz2sec     gbm       500    0.10       2                0.5465929 NA
17 cz2sec     gbm       500    0.10       3                0.5469750 NA
18 cz2sec     gbm       500    0.10       5                0.5438539 NA
19 cz2sec     gbm       500    0.10      10                0.5507542 NA
20 cz2sec     gbm       500    0.10      20                0.5513005 NA
21 cz2sec     gbm       500    0.10      30                0.5482564 NA
22 cz2sec     gbm       500    0.50       1                0.5438788 NA
23 cz2sec     gbm       500    0.50       2                0.5392125 NA
24 cz2sec     gbm       500    0.50       3                0.5259346 NA
25 cz2sec     gbm       500    0.50       5                0.5458974 NA
26 cz2sec     gbm       500    0.50      10                0.5377544 NA
27 cz2sec     gbm       500    0.50      20                0.5458859 NA
28 cz2sec     gbm       500    0.50      30                0.5434722 NA
29 cz2sec     gbm       800    0.01       1                0.5322857 NA
30 cz2sec     gbm       800    0.01       2                0.5492963 NA
31 cz2sec     gbm       800    0.01       3                0.5538731 NA
32 cz2sec     gbm       800    0.01       5                0.5553623 NA
33 cz2sec     gbm       800    0.01      10                0.5599102 NA
34 cz2sec     gbm       800    0.01      20                0.5584840 NA
35 cz2sec     gbm       800    0.01      30                0.5607443 NA
36 cz2sec     gbm       800    0.05       1                0.5352757 NA
37 cz2sec     gbm       800    0.05       2                0.5561280 NA
38 cz2sec     gbm       800    0.05       3                0.5631194 NA
39 cz2sec     gbm       800    0.05       5                0.5503394 NA
40 cz2sec     gbm       800    0.05      10                0.5584557 NA
41 cz2sec     gbm       800    0.05      20                0.5580277 NA
42 cz2sec     gbm       800    0.05      30                0.5558855 NA
43 cz2sec     gbm       800    0.10       1                0.5403530 NA
44 cz2sec     gbm       800    0.10       2                0.5568949 NA
45 cz2sec     gbm       800    0.10       3                0.5432980 NA
46 cz2sec     gbm       800    0.10       5                0.5505003 NA
47 cz2sec     gbm       800    0.10      10                0.5437853 NA
48 cz2sec     gbm       800    0.10      20                0.5573147 NA
49 cz2sec     gbm       800    0.10      30                0.5528842 NA
50 cz2sec     gbm       800    0.50       1                0.5264692 NA
51 cz2sec     gbm       800    0.50       2                0.5374637 NA
52 cz2sec     gbm       800    0.50       3                0.5421971 NA
53 cz2sec     gbm       800    0.50       5                0.5551831 NA
54 cz2sec     gbm       800    0.50      10                0.5433398 NA
55 cz2sec     gbm       800    0.50      20                0.5440267 NA
56 cz2sec     gbm       800    0.50      30                0.5473340 NA
57 cz2sec     gbm      1200    0.01       1                0.5356260 NA
58 cz2sec     gbm      1200    0.01       2                0.5527444 NA
59 cz2sec     gbm      1200    0.01       3                0.5541075 NA
60 cz2sec     gbm      1200    0.01       5                0.5585060 NA
61 cz2sec     gbm      1200    0.01      10                0.5616684 NA
62 cz2sec     gbm      1200    0.01      20                0.5637484 NA
63 cz2sec     gbm      1200    0.01      30                0.5608329 NA
64 cz2sec     gbm      1200    0.05       1                0.5395609 NA
65 cz2sec     gbm      1200    0.05       2                0.5541539 NA
66 cz2sec     gbm      1200    0.05       3                0.5427565 NA
67 cz2sec     gbm      1200    0.05       5                0.5564203 NA
68 cz2sec     gbm      1200    0.05      10                0.5480696 NA
69 cz2sec     gbm      1200    0.05      20                0.5571842 NA
70 cz2sec     gbm      1200    0.05      30                0.5551250 NA
71 cz2sec     gbm      1200    0.10       1                0.5502954 NA
72 cz2sec     gbm      1200    0.10       2                0.5514248 NA
73 cz2sec     gbm      1200    0.10       3                0.5472603 NA
74 cz2sec     gbm      1200    0.10       5                0.5460679 NA
75 cz2sec     gbm      1200    0.10      10                0.5491529 NA
76 cz2sec     gbm      1200    0.10      20                0.5534236 NA
77 cz2sec     gbm      1200    0.10      30                0.5582810 NA
78 cz2sec     gbm      1200    0.50       1                0.5389315 NA
79 cz2sec     gbm      1200    0.50       2                0.5101921 NA
80 cz2sec     gbm      1200    0.50       3                0.5315911 NA
81 cz2sec     gbm      1200    0.50       5                0.5405910 NA
82 cz2sec     gbm      1200    0.50      10                0.5314565 NA
83 cz2sec     gbm      1200    0.50      20                0.5338234 NA
84 cz2sec     gbm      1200    0.50      30                0.5112203 NA

   datafolder mlmethod ntree mtry nodesize inscore   outscore  sd        
1  cz2sec     rf        200   10   1       1.0000000 0.5452436 0.02788839
2  cz2sec     rf        200   10   5       0.9999891 0.5461391 0.02653494
3  cz2sec     rf        200   10  10       0.9996347 0.5509774 0.02670260
4  cz2sec     rf        200   10  20       0.9924851 0.5505421 0.03565011
5  cz2sec     rf        200   30   1       1.0000000 0.5493031 0.02947608
6  cz2sec     rf        200   30   5       0.9999857 0.5491852 0.02698618
7  cz2sec     rf        200   30  10       0.9997246 0.5514928 0.03219780
8  cz2sec     rf        200   30  20       0.9938681 0.5528820 0.03402116
9  cz2sec     rf        200   70   1       1.0000000 0.5502425 0.03298787
10 cz2sec     rf        200   70   5       0.9999982 0.5498782 0.02968151
11 cz2sec     rf        200   70  10       0.9997266 0.5517362 0.03764439
12 cz2sec     rf        200   70  20       0.9951524 0.5563278 0.02770593
13 cz2sec     rf        200  100   1       1.0000000 0.5495591 0.03355374
14 cz2sec     rf        200  100   5       0.9999998 0.5496724 0.03835045
15 cz2sec     rf        200  100  10       0.9997428 0.5520018 0.02787877
16 cz2sec     rf        200  100  20       0.9954195 0.5589343 0.03581836
17 cz2sec     rf        500   10   1       1.0000000 0.5490164 0.02923658
18 cz2sec     rf        500   10   5       0.9999940 0.5499510 0.03210009
19 cz2sec     rf        500   10  10       0.9996022 0.5499769 0.03208483
20 cz2sec     rf        500   10  20       0.9930513 0.5548763 0.03680999
21 cz2sec     rf        500   30   1       1.0000000 0.5499729 0.03112339
22 cz2sec     rf        500   30   5       0.9999978 0.5529335 0.03282873
23 cz2sec     rf        500   30  10       0.9997369 0.5523972 0.03215517
24 cz2sec     rf        500   30  20       0.9949573 0.5567865 0.03428515
25 cz2sec     rf        500   70   1       1.0000000 0.5532278 0.03408946
26 cz2sec     rf        500   70   5       0.9999988 0.5506734 0.03140214
27 cz2sec     rf        500   70  10       0.9997785 0.5509562 0.03157178
28 cz2sec     rf        500   70  20       0.9955598 0.5580502 0.03863782
29 cz2sec     rf        500  100   1       1.0000000 0.5530899 0.03121135
30 cz2sec     rf        500  100   5       0.9999987 0.5509118 0.03069149
31 cz2sec     rf        500  100  10       0.9997710 0.5575755 0.03496297
32 cz2sec     rf        500  100  20       0.9959043 0.5584437 0.03898246
33 cz2sec     rf       1000   10   1       1.0000000 0.5480427 0.03042784
34 cz2sec     rf       1000   10   5       0.9999914 0.5505294 0.03133328
35 cz2sec     rf       1000   10  10       0.9996217 0.5515516 0.03465018
36 cz2sec     rf       1000   10  20       0.9933655 0.5550648 0.03758551
37 cz2sec     rf       1000   30   1       1.0000000 0.5511838 0.02910379
38 cz2sec     rf       1000   30   5       0.9999973 0.5525872 0.03264616
39 cz2sec     rf       1000   30  10       0.9997131 0.5531051 0.03017843
40 cz2sec     rf       1000   30  20       0.9948625 0.5596151 0.03571481 * 
41 cz2sec     rf       1000   70   1       1.0000000 0.5497095 0.03327269
42 cz2sec     rf       1000   70   5       0.9999993 0.5528521 0.03250045
43 cz2sec     rf       1000   70  10       0.9997557 0.5547958 0.03348951
44 cz2sec     rf       1000   70  20       0.9956197 0.5584639 0.03642063
45 cz2sec     rf       1000  100   1       1.0000000 0.5535174 0.03089709
46 cz2sec     rf       1000  100   5       0.9999993 0.5506712 0.03153898
47 cz2sec     rf       1000  100  10       0.9997738 0.5530003 0.03291291
48 cz2sec     rf       1000  100  20       0.9957783 0.5578856 0.03640944

