   datafolder   mlmethod ntree mtry nodesize inscore   outscore  sd        
1  fft_cz1300ms rf        200  10    1       1.0000000 0.5430635 0.01592371
2  fft_cz1300ms rf        200  10    5       1.0000000 0.5316453 0.02083391
3  fft_cz1300ms rf        200  10   10       1.0000000 0.5196325 0.02126042
4  fft_cz1300ms rf        200  10   20       0.9999605 0.5341312 0.01976782
5  fft_cz1300ms rf        200  30    1       1.0000000 0.5304367 0.01950666
6  fft_cz1300ms rf        200  30    5       1.0000000 0.5321311 0.02788565
7  fft_cz1300ms rf        200  30   10       1.0000000 0.5243344 0.02002323
8  fft_cz1300ms rf        200  30   20       0.9999893 0.5323773 0.03202768
9  fft_cz1300ms rf        200  70    1       1.0000000 0.5230826 0.02039074
10 fft_cz1300ms rf        200  70    5       1.0000000 0.5317023 0.02202333
11 fft_cz1300ms rf        200  70   10       1.0000000 0.5277536 0.02502736
12 fft_cz1300ms rf        200  70   20       0.9999736 0.5320766 0.03227157
13 fft_cz1300ms rf        500  10    1       1.0000000 0.5338872 0.01816865
14 fft_cz1300ms rf        500  10    5       1.0000000 0.5225002 0.02195236
15 fft_cz1300ms rf        500  10   10       1.0000000 0.5256618 0.01995965
16 fft_cz1300ms rf        500  10   20       0.9999851 0.5380078 0.02153679
17 fft_cz1300ms rf        500  30    1       1.0000000 0.5242483 0.03782241
18 fft_cz1300ms rf        500  30    5       1.0000000 0.5283891 0.03045994
19 fft_cz1300ms rf        500  30   10       1.0000000 0.5319226 0.02630535
20 fft_cz1300ms rf        500  30   20       0.9999953 0.5363576 0.03243709
21 fft_cz1300ms rf        500  70    1       1.0000000 0.5279533 0.02446054
22 fft_cz1300ms rf        500  70    5       1.0000000 0.5329806 0.02943721
23 fft_cz1300ms rf        500  70   10       1.0000000 0.5296294 0.02181190
24 fft_cz1300ms rf        500  70   20       0.9999928 0.5299528 0.03018211
25 fft_cz1300ms rf       1000  10    1       1.0000000 0.5257583 0.02116662
26 fft_cz1300ms rf       1000  10    5       1.0000000 0.5280220 0.02243795
27 fft_cz1300ms rf       1000  10   10       1.0000000 0.5380817 0.01865821
28 fft_cz1300ms rf       1000  10   20       0.9999799 0.5298945 0.02062110
29 fft_cz1300ms rf       1000  30    1       1.0000000 0.5290584 0.02226619
30 fft_cz1300ms rf       1000  30    5       1.0000000 0.5253060 0.02520889
31 fft_cz1300ms rf       1000  30   10       1.0000000 0.5307847 0.02875955
32 fft_cz1300ms rf       1000  30   20       0.9999946 0.5336275 0.02429831
33 fft_cz1300ms rf       1000  70    1       1.0000000 0.5285845 0.02199620
34 fft_cz1300ms rf       1000  70    5       1.0000000 0.5279820 0.02586973
35 fft_cz1300ms rf       1000  70   10       1.0000000 0.5321201 0.03178109
36 fft_cz1300ms rf       1000  70   20       0.9999937 0.5316941 0.02957071

    datafolder   mlmethod ntree mtry nodesize coefReg inscore   outscore 
1   fft_cz1300ms rrf       200  10    1       0.25    1.0000000 0.5133671
2   fft_cz1300ms rrf       200  10    1       0.50    1.0000000 0.5102833
3   fft_cz1300ms rrf       200  10    1       0.75    1.0000000 0.5180896
4   fft_cz1300ms rrf       200  10    5       0.25    0.9715180 0.5119654
5   fft_cz1300ms rrf       200  10    5       0.50    0.9713959 0.5172603
6   fft_cz1300ms rrf       200  10    5       0.75    1.0000000 0.5279706
7   fft_cz1300ms rrf       200  10   10       0.25    0.9251887 0.5125721
8   fft_cz1300ms rrf       200  10   10       0.50    0.9216090 0.5136597
9   fft_cz1300ms rrf       200  10   10       0.75    0.9999997 0.5150162
10  fft_cz1300ms rrf       200  10   20       0.25    0.8617051 0.5109248
11  fft_cz1300ms rrf       200  10   20       0.50    0.8626649 0.5182626
12  fft_cz1300ms rrf       200  10   20       0.75    0.9966064 0.5113847
13  fft_cz1300ms rrf       200  30    1       0.25    1.0000000 0.5058795
14  fft_cz1300ms rrf       200  30    1       0.50    1.0000000 0.5160424
15  fft_cz1300ms rrf       200  30    1       0.75    1.0000000 0.5199209
16  fft_cz1300ms rrf       200  30    5       0.25    0.9724779 0.5142107
17  fft_cz1300ms rrf       200  30    5       0.50    0.9721859 0.5117964
18  fft_cz1300ms rrf       200  30    5       0.75    1.0000000 0.5172066
19  fft_cz1300ms rrf       200  30   10       0.25    0.9226995 0.5141325
20  fft_cz1300ms rrf       200  30   10       0.50    0.9224899 0.5115260
21  fft_cz1300ms rrf       200  30   10       0.75    1.0000000 0.5175836
22  fft_cz1300ms rrf       200  30   20       0.25    0.8632058 0.5160273
23  fft_cz1300ms rrf       200  30   20       0.50    0.8652652 0.5294602
24  fft_cz1300ms rrf       200  30   20       0.75    0.9978584 0.5291235
25  fft_cz1300ms rrf       200  70    1       0.25    1.0000000 0.5181578
26  fft_cz1300ms rrf       200  70    1       0.50    1.0000000 0.5053718
27  fft_cz1300ms rrf       200  70    1       0.75    1.0000000 0.5322123
28  fft_cz1300ms rrf       200  70    5       0.25    0.9711802 0.4989117
29  fft_cz1300ms rrf       200  70    5       0.50    0.9725640 0.5073587
30  fft_cz1300ms rrf       200  70    5       0.75    1.0000000 0.5249498
31  fft_cz1300ms rrf       200  70   10       0.25    0.9233347 0.5045178
32  fft_cz1300ms rrf       200  70   10       0.50    0.9220070 0.5192642
33  fft_cz1300ms rrf       200  70   10       0.75    1.0000000 0.5235093
34  fft_cz1300ms rrf       200  70   20       0.25    0.8659610 0.5090424
35  fft_cz1300ms rrf       200  70   20       0.50    0.8643088 0.5079450
36  fft_cz1300ms rrf       200  70   20       0.75    0.9982897 0.5267402
37  fft_cz1300ms rrf       500  10    1       0.25    1.0000000 0.5102203
38  fft_cz1300ms rrf       500  10    1       0.50    1.0000000 0.5222963
39  fft_cz1300ms rrf       500  10    1       0.75    1.0000000 0.5084255
40  fft_cz1300ms rrf       500  10    5       0.25    0.9737285 0.5027184
41  fft_cz1300ms rrf       500  10    5       0.50    0.9723391 0.5155518
42  fft_cz1300ms rrf       500  10    5       0.75    1.0000000 0.5180451
43  fft_cz1300ms rrf       500  10   10       0.25    0.9242578 0.5077966
44  fft_cz1300ms rrf       500  10   10       0.50    0.9249041 0.5184536
45  fft_cz1300ms rrf       500  10   10       0.75    1.0000000 0.5222627
46  fft_cz1300ms rrf       500  10   20       0.25    0.8705051 0.5174871
47  fft_cz1300ms rrf       500  10   20       0.50    0.8660444 0.5177738
48  fft_cz1300ms rrf       500  10   20       0.75    0.9981896 0.5318455
49  fft_cz1300ms rrf       500  30    1       0.25    1.0000000 0.5171771
50  fft_cz1300ms rrf       500  30    1       0.50    1.0000000 0.5055053
51  fft_cz1300ms rrf       500  30    1       0.75    1.0000000 0.5338963
52  fft_cz1300ms rrf       500  30    5       0.25    0.9728764 0.5134845
53  fft_cz1300ms rrf       500  30    5       0.50    0.9721992 0.5128990
54  fft_cz1300ms rrf       500  30    5       0.75    1.0000000 0.5078727
55  fft_cz1300ms rrf       500  30   10       0.25    0.9254916 0.5064685
56  fft_cz1300ms rrf       500  30   10       0.50    0.9245688 0.5093706
57  fft_cz1300ms rrf       500  30   10       0.75    1.0000000 0.5246619
58  fft_cz1300ms rrf       500  30   20       0.25    0.8636857 0.4996892
59  fft_cz1300ms rrf       500  30   20       0.50    0.8714607 0.5131411
60  fft_cz1300ms rrf       500  30   20       0.75    0.9987817 0.5130223
61  fft_cz1300ms rrf       500  70    1       0.25    1.0000000 0.5066020
62  fft_cz1300ms rrf       500  70    1       0.50    1.0000000 0.5140829
63  fft_cz1300ms rrf       500  70    1       0.75    1.0000000 0.5356077
64  fft_cz1300ms rrf       500  70    5       0.25    0.9733861 0.5098432
65  fft_cz1300ms rrf       500  70    5       0.50    0.9721613 0.5184145
66  fft_cz1300ms rrf       500  70    5       0.75    1.0000000 0.5202006
67  fft_cz1300ms rrf       500  70   10       0.25    0.9239566 0.5188836
68  fft_cz1300ms rrf       500  70   10       0.50    0.9268719 0.5118054
69  fft_cz1300ms rrf       500  70   10       0.75    1.0000000 0.5223175
70  fft_cz1300ms rrf       500  70   20       0.25    0.8645364 0.5099477
71  fft_cz1300ms rrf       500  70   20       0.50    0.8616505 0.5200899
72  fft_cz1300ms rrf       500  70   20       0.75    0.9995233 0.5222723
73  fft_cz1300ms rrf      1000  10    1       0.25    1.0000000 0.5131597
74  fft_cz1300ms rrf      1000  10    1       0.50    1.0000000 0.5131196
75  fft_cz1300ms rrf      1000  10    1       0.75    1.0000000 0.5259356
76  fft_cz1300ms rrf      1000  10    5       0.25    0.9728350 0.4998393
77  fft_cz1300ms rrf      1000  10    5       0.50    0.9722578 0.5046491
78  fft_cz1300ms rrf      1000  10    5       0.75    1.0000000 0.5224714
79  fft_cz1300ms rrf      1000  10   10       0.25    0.9238601 0.5168086
80  fft_cz1300ms rrf      1000  10   10       0.50    0.9254210 0.5102827
81  fft_cz1300ms rrf      1000  10   10       0.75    1.0000000 0.5114989
82  fft_cz1300ms rrf      1000  10   20       0.25    0.8656967 0.5062345
83  fft_cz1300ms rrf      1000  10   20       0.50    0.8630117 0.5085186
84  fft_cz1300ms rrf      1000  10   20       0.75    0.9984708 0.5156634
85  fft_cz1300ms rrf      1000  30    1       0.25    1.0000000 0.5163186
86  fft_cz1300ms rrf      1000  30    1       0.50    1.0000000 0.5093341
87  fft_cz1300ms rrf      1000  30    1       0.75    1.0000000 0.5143064
88  fft_cz1300ms rrf      1000  30    5       0.25    0.9734231 0.5178965
89  fft_cz1300ms rrf      1000  30    5       0.50    0.9740612 0.5103556
90  fft_cz1300ms rrf      1000  30    5       0.75    1.0000000 0.5240343
91  fft_cz1300ms rrf      1000  30   10       0.25    0.9251424 0.5164363
92  fft_cz1300ms rrf      1000  30   10       0.50    0.9261862 0.5033607
93  fft_cz1300ms rrf      1000  30   10       0.75    1.0000000 0.5350066
94  fft_cz1300ms rrf      1000  30   20       0.25    0.8623734 0.5124909
95  fft_cz1300ms rrf      1000  30   20       0.50    0.8646491 0.5128937
96  fft_cz1300ms rrf      1000  30   20       0.75    0.9994734 0.5040719
97  fft_cz1300ms rrf      1000  70    1       0.25    1.0000000 0.5280915
98  fft_cz1300ms rrf      1000  70    1       0.50    1.0000000 0.5145946
99  fft_cz1300ms rrf      1000  70    1       0.75    1.0000000 0.5245340
100 fft_cz1300ms rrf      1000  70    5       0.25    0.9733392 0.5059752
101 fft_cz1300ms rrf      1000  70    5       0.50    0.9723631 0.5155099
102 fft_cz1300ms rrf      1000  70    5       0.75    1.0000000 0.5268026
103 fft_cz1300ms rrf      1000  70   10       0.25    0.9249022 0.5222887
104 fft_cz1300ms rrf      1000  70   10       0.50    0.9243391 0.5188097
105 fft_cz1300ms rrf      1000  70   10       0.75    1.0000000 0.5254352
106 fft_cz1300ms rrf      1000  70   20       0.25    0.8684317 0.5083560
107 fft_cz1300ms rrf      1000  70   20       0.50    0.8661268 0.5136754
108 fft_cz1300ms rrf      1000  70   20       0.75    0.9998088 0.5222503

    datafolder   mlmethod ntree mtry nodesize coefReg inscore   outscore  sd         
1   fft_cz1300ms rrf       200  10    1       0.001   1.0000000 0.5071813 0.008363648
2   fft_cz1300ms rrf       200  10    1       0.010   1.0000000 0.5170081 0.009193898
3   fft_cz1300ms rrf       200  10    1       0.050   1.0000000 0.5041581 0.008228668
4   fft_cz1300ms rrf       200  10    1       0.100   1.0000000 0.5060830 0.005958052
5   fft_cz1300ms rrf       200  10    5       0.001   0.9719025 0.5139422 0.010660653
6   fft_cz1300ms rrf       200  10    5       0.010   0.9726020 0.5203806 0.017512128
7   fft_cz1300ms rrf       200  10    5       0.050   0.9769215 0.4965915 0.010106462
8   fft_cz1300ms rrf       200  10    5       0.100   0.9720566 0.5102579 0.008247327
9   fft_cz1300ms rrf       200  10   10       0.001   0.9219788 0.5103723 0.011290903
10  fft_cz1300ms rrf       200  10   10       0.010   0.9222228 0.5024336 0.007428557
11  fft_cz1300ms rrf       200  10   10       0.050   0.9217939 0.5105322 0.016708960
12  fft_cz1300ms rrf       200  10   10       0.100   0.9250968 0.5129062 0.014775539
13  fft_cz1300ms rrf       200  10   20       0.001   0.8686023 0.5097490 0.007742411
14  fft_cz1300ms rrf       200  10   20       0.010   0.8656247 0.5044187 0.012356313
15  fft_cz1300ms rrf       200  10   20       0.050   0.8654881 0.5122160 0.017895238
16  fft_cz1300ms rrf       200  10   20       0.100   0.8653662 0.5124631 0.006696479
17  fft_cz1300ms rrf       200  30    1       0.001   1.0000000 0.5072393 0.006349910
18  fft_cz1300ms rrf       200  30    1       0.010   1.0000000 0.5081599 0.014941912
19  fft_cz1300ms rrf       200  30    1       0.050   1.0000000 0.5035173 0.003519596
20  fft_cz1300ms rrf       200  30    1       0.100   1.0000000 0.5201325 0.003461336
21  fft_cz1300ms rrf       200  30    5       0.001   0.9717992 0.5183717 0.012180675
22  fft_cz1300ms rrf       200  30    5       0.010   0.9715621 0.5186781 0.011537185
23  fft_cz1300ms rrf       200  30    5       0.050   0.9699300 0.5113455 0.013631446
24  fft_cz1300ms rrf       200  30    5       0.100   0.9715568 0.5188894 0.011155975
25  fft_cz1300ms rrf       200  30   10       0.001   0.9231975 0.5156244 0.018176847
26  fft_cz1300ms rrf       200  30   10       0.010   0.9239545 0.5074701 0.005516943
27  fft_cz1300ms rrf       200  30   10       0.050   0.9211388 0.5137088 0.016598114
28  fft_cz1300ms rrf       200  30   10       0.100   0.9232289 0.5191562 0.009698010
29  fft_cz1300ms rrf       200  30   20       0.001   0.8652125 0.5068758 0.003695052
30  fft_cz1300ms rrf       200  30   20       0.010   0.8591974 0.5141229 0.010963019
31  fft_cz1300ms rrf       200  30   20       0.050   0.8610999 0.5174521 0.014515656
32  fft_cz1300ms rrf       200  30   20       0.100   0.8608256 0.5180139 0.016304074
33  fft_cz1300ms rrf       200  70    1       0.001   1.0000000 0.5167793 0.011640873
34  fft_cz1300ms rrf       200  70    1       0.010   1.0000000 0.5120810 0.016870144
35  fft_cz1300ms rrf       200  70    1       0.050   1.0000000 0.5104650 0.014390136
36  fft_cz1300ms rrf       200  70    1       0.100   1.0000000 0.5070779 0.008475780
37  fft_cz1300ms rrf       200  70    5       0.001   0.9722972 0.5204466 0.009100858
38  fft_cz1300ms rrf       200  70    5       0.010   0.9721692 0.5064438 0.011932118
39  fft_cz1300ms rrf       200  70    5       0.050   0.9722787 0.5158526 0.012472414
40  fft_cz1300ms rrf       200  70    5       0.100   0.9715393 0.5112447 0.021655333
41  fft_cz1300ms rrf       200  70   10       0.001   0.9219640 0.5196225 0.019113021
42  fft_cz1300ms rrf       200  70   10       0.010   0.9255354 0.5069230 0.015700060
43  fft_cz1300ms rrf       200  70   10       0.050   0.9235824 0.5255618 0.013769921
44  fft_cz1300ms rrf       200  70   10       0.100   0.9206554 0.5126096 0.018396280
45  fft_cz1300ms rrf       200  70   20       0.001   0.8636903 0.5199603 0.010124639
46  fft_cz1300ms rrf       200  70   20       0.010   0.8640820 0.5137578 0.008685299
47  fft_cz1300ms rrf       200  70   20       0.050   0.8627776 0.5191393 0.016081427
48  fft_cz1300ms rrf       200  70   20       0.100   0.8613987 0.5132370 0.020883168
49  fft_cz1300ms rrf       500  10    1       0.001   1.0000000 0.5028256 0.003274134
50  fft_cz1300ms rrf       500  10    1       0.010   1.0000000 0.5021414 0.015808076
51  fft_cz1300ms rrf       500  10    1       0.050   1.0000000 0.5119667 0.007701591
52  fft_cz1300ms rrf       500  10    1       0.100   1.0000000 0.5156726 0.008620509
53  fft_cz1300ms rrf       500  10    5       0.001   0.9732039 0.5143758 0.008241702
54  fft_cz1300ms rrf       500  10    5       0.010   0.9729285 0.5057262 0.006894126
55  fft_cz1300ms rrf       500  10    5       0.050   0.9740370 0.5199277 0.013059889
56  fft_cz1300ms rrf       500  10    5       0.100   0.9727020 0.5153035 0.009041445
57  fft_cz1300ms rrf       500  10   10       0.001   0.9254152 0.5161333 0.010229960
58  fft_cz1300ms rrf       500  10   10       0.010   0.9249365 0.5192654 0.007968967
59  fft_cz1300ms rrf       500  10   10       0.050   0.9252058 0.5083842 0.006703821
60  fft_cz1300ms rrf       500  10   10       0.100   0.9261558 0.5133852 0.004461984
61  fft_cz1300ms rrf       500  10   20       0.001   0.8658868 0.5136149 0.009086956
62  fft_cz1300ms rrf       500  10   20       0.010   0.8818109 0.5162413 0.010797389
63  fft_cz1300ms rrf       500  10   20       0.050   0.8683053 0.5082481 0.007484116
64  fft_cz1300ms rrf       500  10   20       0.100   0.8668647 0.5114166 0.006196036
65  fft_cz1300ms rrf       500  30    1       0.001   1.0000000 0.5047564 0.005976393
66  fft_cz1300ms rrf       500  30    1       0.010   1.0000000 0.5135801 0.014047781
67  fft_cz1300ms rrf       500  30    1       0.050   1.0000000 0.5209422 0.007138570
68  fft_cz1300ms rrf       500  30    1       0.100   1.0000000 0.5127848 0.009644334
69  fft_cz1300ms rrf       500  30    5       0.001   0.9727047 0.5121076 0.015716048
70  fft_cz1300ms rrf       500  30    5       0.010   0.9734381 0.5100664 0.008130416
71  fft_cz1300ms rrf       500  30    5       0.050   0.9722647 0.5168934 0.015181165
72  fft_cz1300ms rrf       500  30    5       0.100   0.9736041 0.5123877 0.017023753
73  fft_cz1300ms rrf       500  30   10       0.001   0.9278051 0.5141722 0.013947464
74  fft_cz1300ms rrf       500  30   10       0.010   0.9259795 0.5160121 0.017797396
75  fft_cz1300ms rrf       500  30   10       0.050   0.9233182 0.5249283 0.011486215
76  fft_cz1300ms rrf       500  30   10       0.100   0.9264409 0.5060731 0.014161431
77  fft_cz1300ms rrf       500  30   20       0.001   0.8704978 0.5105721 0.005020001
78  fft_cz1300ms rrf       500  30   20       0.010   0.8691013 0.5069640 0.012428768
79  fft_cz1300ms rrf       500  30   20       0.050   0.8658172 0.5103153 0.011747685
80  fft_cz1300ms rrf       500  30   20       0.100   0.8691937 0.5149470 0.013453423
81  fft_cz1300ms rrf       500  70    1       0.001   1.0000000 0.5076729 0.009055251
82  fft_cz1300ms rrf       500  70    1       0.010   1.0000000 0.5069195 0.015986233
83  fft_cz1300ms rrf       500  70    1       0.050   1.0000000 0.5088484 0.008894425
84  fft_cz1300ms rrf       500  70    1       0.100   1.0000000 0.5165221 0.013523172
85  fft_cz1300ms rrf       500  70    5       0.001   0.9728346 0.5176959 0.011772234
86  fft_cz1300ms rrf       500  70    5       0.010   0.9739859 0.5184207 0.002710653
87  fft_cz1300ms rrf       500  70    5       0.050   0.9732360 0.5226072 0.006575577
88  fft_cz1300ms rrf       500  70    5       0.100   0.9731892 0.5095978 0.014409124
89  fft_cz1300ms rrf       500  70   10       0.001   0.9269578 0.5047411 0.020697471
90  fft_cz1300ms rrf       500  70   10       0.010   0.9273073 0.5141879 0.007147668
91  fft_cz1300ms rrf       500  70   10       0.050   0.9258063 0.5122463 0.011487917
92  fft_cz1300ms rrf       500  70   10       0.100   0.9244741 0.5268603 0.009927304
93  fft_cz1300ms rrf       500  70   20       0.001   0.8685425 0.5116984 0.017579221
94  fft_cz1300ms rrf       500  70   20       0.010   0.8607143 0.5088704 0.021316315
95  fft_cz1300ms rrf       500  70   20       0.050   0.8616960 0.5147808 0.017259963
96  fft_cz1300ms rrf       500  70   20       0.100   0.8617757 0.5193980 0.019044015
97  fft_cz1300ms rrf      1000  10    1       0.001   1.0000000 0.5092199 0.006056435
98  fft_cz1300ms rrf      1000  10    1       0.010   1.0000000 0.5224160 0.006984559
99  fft_cz1300ms rrf      1000  10    1       0.050   1.0000000 0.5247199 0.017634125
100 fft_cz1300ms rrf      1000  10    1       0.100   1.0000000 0.5099621 0.010830003
101 fft_cz1300ms rrf      1000  10    5       0.001   0.9731487 0.5124461 0.018501343
102 fft_cz1300ms rrf      1000  10    5       0.010   0.9729800 0.5109446 0.011302183
103 fft_cz1300ms rrf      1000  10    5       0.050   0.9735235 0.5174222 0.006926404
104 fft_cz1300ms rrf      1000  10    5       0.100   0.9730756 0.5131894 0.011603914
105 fft_cz1300ms rrf      1000  10   10       0.001   0.9256061 0.5234215 0.017609235
106 fft_cz1300ms rrf      1000  10   10       0.010   0.9260280 0.5201618 0.007316669
107 fft_cz1300ms rrf      1000  10   10       0.050   0.9262622 0.5167011 0.012300591
108 fft_cz1300ms rrf      1000  10   10       0.100   0.9227499 0.5222109 0.008547314
109 fft_cz1300ms rrf      1000  10   20       0.001   0.8713785 0.5059747 0.003615379
110 fft_cz1300ms rrf      1000  10   20       0.010   0.8711659 0.4982510 0.003627609
111 fft_cz1300ms rrf      1000  10   20       0.050   0.8710651 0.5019617 0.012242538
112 fft_cz1300ms rrf      1000  10   20       0.100   0.8660337 0.4996602 0.007774380
113 fft_cz1300ms rrf      1000  30    1       0.001   1.0000000 0.5178751 0.006608018
114 fft_cz1300ms rrf      1000  30    1       0.010   1.0000000 0.5033745 0.004814039
115 fft_cz1300ms rrf      1000  30    1       0.050   1.0000000 0.5198733 0.010535610
116 fft_cz1300ms rrf      1000  30    1       0.100   1.0000000 0.5189784 0.005792395
117 fft_cz1300ms rrf      1000  30    5       0.001   0.9732741 0.5226813 0.009008519
118 fft_cz1300ms rrf      1000  30    5       0.010   0.9734175 0.5152066 0.016662316
119 fft_cz1300ms rrf      1000  30    5       0.050   0.9742725 0.5232807 0.009803027
120 fft_cz1300ms rrf      1000  30    5       0.100   0.9737448 0.5230057 0.010239627
121 fft_cz1300ms rrf      1000  30   10       0.001   0.9244548 0.5276435 0.009392220
122 fft_cz1300ms rrf      1000  30   10       0.010   0.9262848 0.5084130 0.005647399
123 fft_cz1300ms rrf      1000  30   10       0.050   0.9275354 0.5195078 0.021684718
124 fft_cz1300ms rrf      1000  30   10       0.100   0.9267796 0.5167871 0.014204323
125 fft_cz1300ms rrf      1000  30   20       0.001   0.8659591 0.5152477 0.017637547
126 fft_cz1300ms rrf      1000  30   20       0.010   0.8680618 0.5055314 0.010483113
127 fft_cz1300ms rrf      1000  30   20       0.050   0.8674605 0.5184112 0.017813580
128 fft_cz1300ms rrf      1000  30   20       0.100   0.8677795 0.5101453 0.020665533
129 fft_cz1300ms rrf      1000  70    1       0.001   1.0000000 0.5128158 0.012854359
130 fft_cz1300ms rrf      1000  70    1       0.010   1.0000000 0.5137918 0.010156490
131 fft_cz1300ms rrf      1000  70    1       0.050   1.0000000 0.5089059 0.011312534
132 fft_cz1300ms rrf      1000  70    1       0.100   1.0000000 0.5137747 0.008872937
133 fft_cz1300ms rrf      1000  70    5       0.001   0.9724011 0.5044598 0.004057830
134 fft_cz1300ms rrf      1000  70    5       0.010   0.9728960 0.5060729 0.014341094
135 fft_cz1300ms rrf      1000  70    5       0.050   0.9735446 0.5085753 0.013406155
136 fft_cz1300ms rrf      1000  70    5       0.100   0.9730472 0.5195787 0.011694315
137 fft_cz1300ms rrf      1000  70   10       0.001   0.9250490 0.4998803 0.007201468
138 fft_cz1300ms rrf      1000  70   10       0.010   0.9272006 0.5112871 0.007654980
139 fft_cz1300ms rrf      1000  70   10       0.050   0.9243961 0.5165305 0.013409535
140 fft_cz1300ms rrf      1000  70   10       0.100   0.9254320 0.5163057 0.014876460
141 fft_cz1300ms rrf      1000  70   20       0.001   0.8673955 0.5134884 0.019718802
142 fft_cz1300ms rrf      1000  70   20       0.010   0.8653292 0.5213584 0.012880427
143 fft_cz1300ms rrf      1000  70   20       0.050   0.8634692 0.5169160 0.017706436
144 fft_cz1300ms rrf      1000  70   20       0.100   0.8673796 0.5201118 0.014728255

   datafolder   mlmethod ntree mtry nodesize inscore   outscore  sd         
1  fft_cz1300ms rf         2   10    1       0.9170469 0.5053206 0.014632620
2  fft_cz1300ms rf         2   10    5       0.8870736 0.5060055 0.020480021
3  fft_cz1300ms rf         2   10   10       0.8550557 0.5116395 0.007117266
4  fft_cz1300ms rf         2   10   20       0.7811882 0.5019294 0.006927593
5  fft_cz1300ms rf         2   30    1       0.9202579 0.5080983 0.012360676
6  fft_cz1300ms rf         2   30    5       0.9005771 0.5097158 0.014555473
7  fft_cz1300ms rf         2   30   10       0.8688534 0.5105961 0.011302944
8  fft_cz1300ms rf         2   30   20       0.8082045 0.5129386 0.007013198
9  fft_cz1300ms rf         2   70    1       0.9165959 0.5012645 0.006648704
10 fft_cz1300ms rf         2   70    5       0.8996346 0.5024232 0.007325920
11 fft_cz1300ms rf         2   70   10       0.8806004 0.5008424 0.010172189
12 fft_cz1300ms rf         2   70   20       0.8353184 0.5001798 0.015295309
13 fft_cz1300ms rf         5   10    1       0.9871054 0.5068670 0.018478369
14 fft_cz1300ms rf         5   10    5       0.9775145 0.4992237 0.017567308
15 fft_cz1300ms rf         5   10   10       0.9536406 0.5154381 0.017557999
16 fft_cz1300ms rf         5   10   20       0.8999902 0.5094947 0.024868899
17 fft_cz1300ms rf         5   30    1       0.9885888 0.5029561 0.022680422
18 fft_cz1300ms rf         5   30    5       0.9802003 0.5119169 0.010548691
19 fft_cz1300ms rf         5   30   10       0.9652298 0.5039527 0.012688472
20 fft_cz1300ms rf         5   30   20       0.9259088 0.5010305 0.044394332
21 fft_cz1300ms rf         5   70    1       0.9875304 0.5005140 0.014917835
22 fft_cz1300ms rf         5   70    5       0.9833729 0.5130632 0.009352936
23 fft_cz1300ms rf         5   70   10       0.9726601 0.4995783 0.018852714
24 fft_cz1300ms rf         5   70   20       0.9336293 0.5094006 0.015697181
25 fft_cz1300ms rf        10   10    1       0.9993611 0.5033124 0.024757911
26 fft_cz1300ms rf        10   10    5       0.9975000 0.5057541 0.017289068
27 fft_cz1300ms rf        10   10   10       0.9922945 0.4897243 0.022777772
28 fft_cz1300ms rf        10   10   20       0.9630371 0.5114174 0.016457308
29 fft_cz1300ms rf        10   30    1       0.9993552 0.4980024 0.012191122
30 fft_cz1300ms rf        10   30    5       0.9984492 0.4967840 0.017106057
31 fft_cz1300ms rf        10   30   10       0.9948489 0.4992665 0.026701712
32 fft_cz1300ms rf        10   30   20       0.9769592 0.5080699 0.042420458
33 fft_cz1300ms rf        10   70    1       0.9991781 0.5024274 0.011969549
34 fft_cz1300ms rf        10   70    5       0.9985303 0.5088506 0.029000300
35 fft_cz1300ms rf        10   70   10       0.9960314 0.5109322 0.025686276
36 fft_cz1300ms rf        10   70   20       0.9816943 0.5131392 0.010465824
37 fft_cz1300ms rf        20   10    1       0.9999951 0.5036748 0.025195147
38 fft_cz1300ms rf        20   10    5       0.9999279 0.5045478 0.014428589
39 fft_cz1300ms rf        20   10   10       0.9995271 0.5125967 0.016652412
40 fft_cz1300ms rf        20   10   20       0.9917444 0.5192266 0.011190199
41 fft_cz1300ms rf        20   30    1       0.9999974 0.5116414 0.035429144
42 fft_cz1300ms rf        20   30    5       0.9999841 0.5077442 0.031128413
43 fft_cz1300ms rf        20   30   10       0.9997745 0.5133137 0.043230252
44 fft_cz1300ms rf        20   30   20       0.9962251 0.5010077 0.018159960
45 fft_cz1300ms rf        20   70    1       0.9999963 0.4972275 0.022499991
46 fft_cz1300ms rf        20   70    5       0.9999636 0.4946489 0.012024580
47 fft_cz1300ms rf        20   70   10       0.9998585 0.4999153 0.022972902
48 fft_cz1300ms rf        20   70   20       0.9969852 0.5084109 0.020294916
49 fft_cz1300ms rf        30   10    1       1.0000000 0.5063682 0.017605807
50 fft_cz1300ms rf        30   10    5       0.9999986 0.5003744 0.012199843
51 fft_cz1300ms rf        30   10   10       0.9999620 0.4961954 0.019056462
52 fft_cz1300ms rf        30   10   20       0.9971968 0.5205633 0.026043586
53 fft_cz1300ms rf        30   30    1       0.9999995 0.5166124 0.015409502
54 fft_cz1300ms rf        30   30    5       0.9999996 0.5078150 0.028685809
55 fft_cz1300ms rf        30   30   10       0.9999779 0.5088042 0.023722246
56 fft_cz1300ms rf        30   30   20       0.9986449 0.5113395 0.030185415
57 fft_cz1300ms rf        30   70    1       0.9999998 0.5246377 0.023396712
58 fft_cz1300ms rf        30   70    5       0.9999989 0.5300911 0.029383407
59 fft_cz1300ms rf        30   70   10       0.9999842 0.5056984 0.028269955
60 fft_cz1300ms rf        30   70   20       0.9993203 0.5169212 0.023149739
61 fft_cz1300ms rf        50   10    1       1.0000000 0.5150930 0.016706015
62 fft_cz1300ms rf        50   10    5       1.0000000 0.5080046 0.014138462
63 fft_cz1300ms rf        50   10   10       0.9999998 0.5139271 0.021136816
64 fft_cz1300ms rf        50   10   20       0.9992730 0.5019023 0.024517818
65 fft_cz1300ms rf        50   30    1       1.0000000 0.5041242 0.031413166
66 fft_cz1300ms rf        50   30    5       1.0000000 0.5105459 0.026733968
67 fft_cz1300ms rf        50   30   10       0.9999992 0.5083989 0.021660129
68 fft_cz1300ms rf        50   30   20       0.9996921 0.5163815 0.023331114
69 fft_cz1300ms rf        50   70    1       1.0000000 0.5011495 0.006207068
70 fft_cz1300ms rf        50   70    5       1.0000000 0.5204424 0.028266168
71 fft_cz1300ms rf        50   70   10       0.9999990 0.5073699 0.023715686
72 fft_cz1300ms rf        50   70   20       0.9997757 0.5115108 0.039380342
73 fft_cz1300ms rf       100   10    1       1.0000000 0.5100444 0.031463067
74 fft_cz1300ms rf       100   10    5       1.0000000 0.5353920 0.012190305
75 fft_cz1300ms rf       100   10   10       1.0000000 0.5325202 0.024467678
76 fft_cz1300ms rf       100   10   20       0.9998345 0.5187165 0.016796762
77 fft_cz1300ms rf       100   30    1       1.0000000 0.5250549 0.020107184
78 fft_cz1300ms rf       100   30    5       1.0000000 0.5097553 0.017584372
79 fft_cz1300ms rf       100   30   10       1.0000000 0.5150750 0.024193665
80 fft_cz1300ms rf       100   30   20       0.9999270 0.5283225 0.019144301
81 fft_cz1300ms rf       100   70    1       1.0000000 0.5302865 0.024542278
82 fft_cz1300ms rf       100   70    5       1.0000000 0.5189230 0.023310106
83 fft_cz1300ms rf       100   70   10       1.0000000 0.5253907 0.018033772
84 fft_cz1300ms rf       100   70   20       0.9999700 0.5223913 0.022539456

   datafolder   mlmethod n.trees shrinkage interaction.depth inscore   outscore  sd         
1  fft_cz1300ms gbm      300     0.01       1                0.6480580 0.5299952 0.030871719 0.50627
2  fft_cz1300ms gbm      300     0.01      10                0.9174178 0.5238546 0.027430382
3  fft_cz1300ms gbm      300     0.01      20                0.9849567 0.5140089 0.022166383
4  fft_cz1300ms gbm      300     0.05       1                0.7169169 0.5158659 0.034915189
5  fft_cz1300ms gbm      300     0.05      10                0.9954658 0.5091610 0.013186817
6  fft_cz1300ms gbm      300     0.05      20                0.9999966 0.5073488 0.016844946
7  fft_cz1300ms gbm      500     0.01       1                0.6660045 0.5265008 0.035016010
8  fft_cz1300ms gbm      500     0.01      10                0.9564787 0.5237926 0.024115538
9  fft_cz1300ms gbm      500     0.01      20                0.9968862 0.5130026 0.027026063
10 fft_cz1300ms gbm      500     0.05       1                0.7453509 0.5226293 0.029010065
11 fft_cz1300ms gbm      500     0.05      10                0.9998997 0.5133142 0.007850944
12 fft_cz1300ms gbm      500     0.05      20                1.0000000 0.5069694 0.003232277
13 fft_cz1300ms gbm      700     0.01       1                0.6830744 0.5272439 0.032809399
14 fft_cz1300ms gbm      700     0.01      10                0.9787398 0.5196020 0.021118906
15 fft_cz1300ms gbm      700     0.01      20                0.9994867 0.5160938 0.016559559
16 fft_cz1300ms gbm      700     0.05       1                0.7691095 0.5273055 0.025816718
17 fft_cz1300ms gbm      700     0.05      10                0.9999990 0.5090413 0.018512522
18 fft_cz1300ms gbm      700     0.05      20                1.0000000 0.5099035 0.005932343

