meta8ch1300ms16cv80pca 0.68731
----------------------
    in.score out.score
1  0.8158318 0.6675550
2  0.8239211 0.6488755
3  0.8183368 0.7191011
4  0.8243013 0.7102609
5  0.8210894 0.7955675
6  0.8096047 0.6174842
7  0.8200631 0.6487221
8  0.8233595 0.6508555
9  0.8271646 0.6119814
10 0.8142613 0.6937958
11 0.8219509 0.6698630
12 0.8269778 0.5524167
13 0.8274966 0.6378189
14 0.8229498 0.6138617
15 0.8157109 0.8126849
16 0.8263685 0.6102652
    in.score out.score
   0.8212118 0.6663193


fft_8ch1300ms16cv90pca
----------------------
    in.score out.score
1  0.8031652 0.5837179
2  0.8085549 0.5170628
3  0.8034221 0.5931151
4  0.8052210 0.5024038
5  0.8101753 0.5520882
6  0.8102882 0.5306214
7  0.8043363 0.5157864
8  0.8027603 0.4919318
9  0.8052578 0.6077999
10 0.8163193 0.4862921
11 0.8030868 0.5585981
12 0.7980514 0.6421414
13 0.8016357 0.5748692
14 0.8046234 0.5618233
15 0.8084765 0.5243819
16 0.8083637 0.5626450
    in.score out.score
   0.8058586 0.5503299


    8ch1300ms16cv70pca
----------------------
    in.score out.score
1  0.7954602 0.6155003
2  0.7969336 0.6656527
3  0.7890448 0.6986477
4  0.7898237 0.8370607
5  0.7908063 0.5839926
6  0.7997732 0.6054924
7  0.7961650 0.6759420
8  0.7956448 0.6236962
9  0.7880294 0.6593407
10 0.7988714 0.6704508
11 0.7899215 0.7876106
12 0.7985683 0.5781515
13 0.8015912 0.5741967
14 0.7963021 0.5460926
15 0.7944960 0.6778333
16 0.7994997 0.6071070
    in.score out.score
   0.7950582 0.6504230


 pca8ch1300ms16cv80pca 0.66693
----------------------
    in.score out.score
1  0.8030228 0.6922318
2  0.8121214 0.6030884
3  0.8069426 0.6805382
4  0.8021256 0.8204946
5  0.8020639 0.7601692
6  0.8093829 0.6666667
7  0.8051510 0.6259760
8  0.7998296 0.6482372
9  0.8086179 0.6176515
10 0.8110521 0.6735237
11 0.8064259 0.5649364
12 0.8061755 0.5730485
13 0.8055358 0.6611014
14 0.8096306 0.5613468
15 0.8133831 0.5696766
16 0.8077351 0.6145698
    in.score out.score
   0.8068247 0.6458286


     fft_8ch1300ms16cv    
----------------------
    in.score out.score
1  0.8026129 0.5105111
2  0.7889667 0.6272630
3  0.7925599 0.5385430
4  0.7898651 0.5600379
5  0.7917388 0.5355083
6  0.8006775 0.5633208
7  0.7926553 0.5146361
8  0.7933169 0.5585826
9  0.7957664 0.6067837
10 0.7945650 0.5475794
11 0.7928844 0.4754010
12 0.7947760 0.5105116
13 0.7978480 0.6143844
14 0.7961102 0.5252922
15 0.7986802 0.4910833
16 0.7903239 0.5109890
    in.score out.score
   0.7945842 0.5431517