eyebaseline8ch1300ms80pca
-------------------------
1  0.8359370 0.5778547
2  0.8300034 0.6805374
3  0.8380042 0.5064457
4  0.8354417 0.6027775
5  0.8338691 0.6494686
6  0.8388155 0.5873016
7  0.8291080 0.7003745
8  0.8268647 0.8060585
9  0.8302059 0.7163054
10 0.8199521 0.8776328
11 0.8315170 0.6701603
12 0.8407448 0.5312744
13 0.8256223 0.6536129
14 0.8334930 0.5942424
15 0.8270698 0.7181338
16 0.8239181 0.7250025
    in.score out.score
   0.8312854 0.6623239


    8ch1300ms16cv80pca
   maxit=100, decay=15    
----------------------
1  0.7479178 0.7548120
2  0.7645091 0.5268837
3  0.7479301 0.7912332
4  0.7518329 0.8310259
5  0.7501982 0.8012731
6  0.7592251 0.6994379
7  0.7559565 0.6817013
8  0.7474073 0.7042125
9  0.7566890 0.6203788
10 0.7593429 0.6378189
11 0.7582631 0.6740130
12 0.7560451 0.6231540
13 0.7582384 0.6703768
14 0.7625471 0.5494284
15 0.7706160 0.6033498
16 0.7540826 0.7237207
    in.score out.score
   0.7563001 0.6808012


