    datafolder mlmethod iter maxdepth nu   inscore   outscore  sd        
1   debugset   ada       20   1       0.01 0.8153676 0.5857212 0.08539661
2   debugset   ada       20   1       0.10 0.8389319 0.6043750 0.09794016
3   debugset   ada       20   1       0.20 0.8671282 0.5670251 0.13588849
4   debugset   ada       20   1       0.50 0.8897886 0.5515893 0.08713168
5   debugset   ada       20   1       0.70 0.8914905 0.5722005 0.08161687
6   debugset   ada       20   1       1.00 0.9167990 0.5195836 0.05320109
7   debugset   ada       20   2       0.01 0.9165279 0.5693157 0.09957700
8   debugset   ada       20   2       0.10 0.9426995 0.5656762 0.05935029
9   debugset   ada       20   2       0.20 0.9511644 0.5232877 0.05870669
10  debugset   ada       20   2       0.50 0.9842052 0.5589466 0.04025690
11  debugset   ada       20   2       0.70 0.9924317 0.5609436 0.04387300
12  debugset   ada       20   2       1.00 0.9941145 0.5773511 0.09788877
13  debugset   ada       20   5       0.01 0.9984024 0.5568971 0.07262726
14  debugset   ada       20   5       0.10 0.9995535 0.5775625 0.07064865
15  debugset   ada       20   5       0.20 0.9991267 0.5731592 0.14342802
16  debugset   ada       20   5       0.50 0.9994332 0.5290584 0.05497327
17  debugset   ada       20   5       0.70 0.9994637 0.5914943 0.05454645
18  debugset   ada       20   5       1.00 1.0000000 0.5572096 0.06376119
19  debugset   ada       20  10       0.01 0.9980007 0.5791349 0.05341685
20  debugset   ada       20  10       0.10 0.9983915 0.5482585 0.06130173
21  debugset   ada       20  10       0.20 0.9996615 0.5682409 0.04196263
22  debugset   ada       20  10       0.50 0.9989275 0.5706013 0.08041977
23  debugset   ada       20  10       0.70 1.0000000 0.5757536 0.05056510
24  debugset   ada       20  10       1.00 1.0000000 0.5201867 0.01471534
25  debugset   ada       20  20       0.01 0.9981727 0.5883394 0.08968657
26  debugset   ada       20  20       0.10 0.9993216 0.5718364 0.10890851
27  debugset   ada       20  20       0.20 0.9976957 0.5497618 0.09780630
28  debugset   ada       20  20       0.50 1.0000000 0.5552876 0.05134886
29  debugset   ada       20  20       0.70 0.9997739 0.5446557 0.02162806
30  debugset   ada       20  20       1.00 1.0000000 0.5750994 0.08695239
31  debugset   ada       50   1       0.01 0.8495429 0.5964063 0.07858614
32  debugset   ada       50   1       0.10 0.8890751 0.5779347 0.06807143
33  debugset   ada       50   1       0.20 0.9286401 0.5446623 0.07727932
34  debugset   ada       50   1       0.50 0.9689500 0.5945399 0.10560580
35  debugset   ada       50   1       0.70 0.9757096 0.5761839 0.05616116
36  debugset   ada       50   1       1.00 0.9919121 0.5703358 0.06881023
37  debugset   ada       50   2       0.01 0.9588941 0.5683765 0.09419279
38  debugset   ada       50   2       0.10 0.9894808 0.5735761 0.08153947
39  debugset   ada       50   2       0.20 0.9978279 0.5316095 0.11392276
40  debugset   ada       50   2       0.50 1.0000000 0.5420863 0.09258901
41  debugset   ada       50   2       0.70 1.0000000 0.5767613 0.04973063
42  debugset   ada       50   2       1.00 1.0000000 0.5746729 0.05459755
43  debugset   ada       50   5       0.01 1.0000000 0.5595332 0.07023165
44  debugset   ada       50   5       0.10 1.0000000 0.5607159 0.07089871
45  debugset   ada       50   5       0.20 1.0000000 0.5538471 0.07139847
46  debugset   ada       50   5       0.50 1.0000000 0.5543667 0.03671827
47  debugset   ada       50   5       0.70 1.0000000 0.5754679 0.07125236
48  debugset   ada       50   5       1.00 1.0000000 0.5614233 0.05992586
49  debugset   ada       50  10       0.01 0.9998851 0.6028275 0.11177607
50  debugset   ada       50  10       0.10 1.0000000 0.5647984 0.09655361
51  debugset   ada       50  10       0.20 1.0000000 0.5945980 0.07886573
52  debugset   ada       50  10       0.50 1.0000000 0.5503307 0.03323935
53  debugset   ada       50  10       0.70 1.0000000 0.5619123 0.05352158
54  debugset   ada       50  10       1.00 1.0000000 0.5631940 0.05869946
55  debugset   ada       50  20       0.01 1.0000000 0.5740163 0.09866369
56  debugset   ada       50  20       0.10 1.0000000 0.5683884 0.09538015
57  debugset   ada       50  20       0.20 1.0000000 0.5737928 0.07225964
58  debugset   ada       50  20       0.50 1.0000000 0.6086879 0.08008212
59  debugset   ada       50  20       0.70 1.0000000 0.5467509 0.05978610
60  debugset   ada       50  20       1.00 1.0000000 0.5418519 0.07023748
61  debugset   ada      100   1       0.01 0.8565334 0.5737063 0.08972906
62  debugset   ada      100   1       0.10 0.9265961 0.5567766 0.08737458
63  debugset   ada      100   1       0.20 0.9586998 0.5655155 0.11041346
64  debugset   ada      100   1       0.50 0.9936440 0.5756444 0.11258930
65  debugset   ada      100   1       0.70 0.9986660 0.5786103 0.09842274
66  debugset   ada      100   1       1.00 0.9996553 0.5761162 0.08109222
67  debugset   ada      100   2       0.01 0.9760619 0.5865053 0.09614495
68  debugset   ada      100   2       0.10 0.9983225 0.5599735 0.09757570
69  debugset   ada      100   2       0.20 1.0000000 0.5868478 0.10322024
70  debugset   ada      100   2       0.50 1.0000000 0.5646857 0.06875858
71  debugset   ada      100   2       0.70 1.0000000 0.5606131 0.05387311
72  debugset   ada      100   2       1.00 1.0000000 0.5873301 0.09909527
73  debugset   ada      100   5       0.01 1.0000000 0.5742727 0.10802299
74  debugset   ada      100   5       0.10 1.0000000 0.5599239 0.07572878
75  debugset   ada      100   5       0.20 1.0000000 0.5515169 0.05211427
76  debugset   ada      100   5       0.50 1.0000000 0.5362275 0.08798960
77  debugset   ada      100   5       0.70 1.0000000 0.5607824 0.07619252
78  debugset   ada      100   5       1.00 1.0000000 0.5590852 0.04583456
79  debugset   ada      100  10       0.01 1.0000000 0.5685034 0.09487189
80  debugset   ada      100  10       0.10 1.0000000 0.5742521 0.07921747
81  debugset   ada      100  10       0.20 1.0000000 0.5700662 0.07838248
82  debugset   ada      100  10       0.50 1.0000000 0.5619572 0.06203077
83  debugset   ada      100  10       0.70 1.0000000 0.5493458 0.06961113
84  debugset   ada      100  10       1.00 1.0000000 0.5532308 0.06546244
85  debugset   ada      100  20       0.01 1.0000000 0.5779170 0.10788014
86  debugset   ada      100  20       0.10 1.0000000 0.5635373 0.10065754
87  debugset   ada      100  20       0.20 1.0000000 0.5236264 0.07226198
88  debugset   ada      100  20       0.50 1.0000000 0.5559359 0.07188453
89  debugset   ada      100  20       0.70 1.0000000 0.5612013 0.03788856
90  debugset   ada      100  20       1.00 1.0000000 0.5408865 0.02654867
91  debugset   ada      400   1       0.01 0.8987254 0.5867667 0.08713314
92  debugset   ada      400   1       0.10 0.9869103 0.5717785 0.08170406
93  debugset   ada      400   1       0.20 0.9985599 0.5924693 0.10188334
94  debugset   ada      400   1       0.50 1.0000000 0.5493054 0.11729686
95  debugset   ada      400   1       0.70 1.0000000 0.5899022 0.10884774
96  debugset   ada      400   1       1.00 1.0000000 0.5453970 0.04854728
97  debugset   ada      400   2       0.01 0.9928601 0.5787070 0.09820647
98  debugset   ada      400   2       0.10 1.0000000 0.5739065 0.08332782
99  debugset   ada      400   2       0.20 1.0000000 0.5608838 0.10208328
100 debugset   ada      400   2       0.50 1.0000000 0.5473685 0.10430744
101 debugset   ada      400   2       0.70 1.0000000 0.5257999 0.10686914
102 debugset   ada      400   2       1.00 1.0000000 0.5671957 0.07523974
103 debugset   ada      400   5       0.01 1.0000000 0.5690069 0.07930566
104 debugset   ada      400   5       0.10 1.0000000 0.5584497 0.06740347
105 debugset   ada      400   5       0.20 1.0000000 0.5682136 0.07306639
106 debugset   ada      400   5       0.50 1.0000000 0.5513785 0.05626354
107 debugset   ada      400   5       0.70 1.0000000 0.5470392 0.07892112
108 debugset   ada      400   5       1.00 1.0000000 0.5389805 0.01080404
109 debugset   ada      400  10       0.01 1.0000000 0.5646585 0.09642999
110 debugset   ada      400  10       0.10 1.0000000 0.5442764 0.07971227
111 debugset   ada      400  10       0.20 1.0000000 0.5554369 0.03821532
112 debugset   ada      400  10       0.50 1.0000000 0.5409220 0.02609179
113 debugset   ada      400  10       0.70 1.0000000 0.5157019 0.05203391
114 debugset   ada      400  10       1.00 1.0000000 0.5290961 0.01271326
115 debugset   ada      400  20       0.01 1.0000000 0.5642166 0.10002161
116 debugset   ada      400  20       0.10 1.0000000 0.5642539 0.06229557
117 debugset   ada      400  20       0.20 1.0000000 0.5381734 0.03228561
118 debugset   ada      400  20       0.50 1.0000000 0.5375116 0.04960766
119 debugset   ada      400  20       0.70 1.0000000 0.5297256 0.05260782
120 debugset   ada      400  20       1.00 1.0000000 0.5292868 0.02116651

  datafolder mlmethod n.iter inscore   outscore  sd        
1 debugset   bayesglm  10    0.7881427 0.4973992 0.04263705
2 debugset   bayesglm 100    0.7881427 0.4973992 0.04263705
3 debugset   bayesglm 300    0.7881427 0.4973992 0.04263705

   datafolder mlmethod   mstop maxdepth inscore outscore sd
1  debugset   blackboost  20    1       0.5     0.5      0 
2  debugset   blackboost  20    2       0.5     0.5      0 
3  debugset   blackboost  20    5       0.5     0.5      0 
4  debugset   blackboost  20   10       0.5     0.5      0 
5  debugset   blackboost  20   20       0.5     0.5      0 
6  debugset   blackboost  50    1       0.5     0.5      0 
7  debugset   blackboost  50    2       0.5     0.5      0 
8  debugset   blackboost  50    5       0.5     0.5      0 
9  debugset   blackboost  50   10       0.5     0.5      0 
10 debugset   blackboost  50   20       0.5     0.5      0 
11 debugset   blackboost 100    1       0.5     0.5      0 
12 debugset   blackboost 100    2       0.5     0.5      0 
13 debugset   blackboost 100    5       0.5     0.5      0 
14 debugset   blackboost 100   10       0.5     0.5      0 
15 debugset   blackboost 100   20       0.5     0.5      0 
16 debugset   blackboost 400    1       0.5     0.5      0 
17 debugset   blackboost 400    2       0.5     0.5      0 
18 debugset   blackboost 400    5       0.5     0.5      0 
19 debugset   blackboost 400   10       0.5     0.5      0 
20 debugset   blackboost 400   20       0.5     0.5      0 

  datafolder mlmethod trials winnow inscore outscore sd
1 debugset   C50       1      TRUE  0.5     0.5      0 
2 debugset   C50       1     FALSE  0.5     0.5      0 
3 debugset   C50      10      TRUE  0.5     0.5      0 
4 debugset   C50      10     FALSE  0.5     0.5      0 
5 debugset   C50      20      TRUE  0.5     0.5      0 
6 debugset   C50      20     FALSE  0.5     0.5      0 
7 debugset   C50      50      TRUE  0.5     0.5      0 
8 debugset   C50      50     FALSE  0.5     0.5      0 

  datafolder mlmethod mtry inscore   outscore  sd        
1 debugset   cforest    1  0.8913434 0.5628690 0.07954963
2 debugset   cforest   10  0.9809142 0.5753897 0.08658473
3 debugset   cforest  100  0.9856984 0.5809236 0.09350104
4 debugset   cforest  400  0.9843684 0.5784706 0.08918129

  datafolder mlmethod maxdepth inscore   outscore  sd        
1 debugset   ctree2    1       0.6108733 0.4839513 0.05819124
2 debugset   ctree2    2       0.7010963 0.5367929 0.09541909
3 debugset   ctree2    5       0.8704739 0.5094556 0.04764673
4 debugset   ctree2   10       0.8757442 0.5202889 0.04184673
5 debugset   ctree2   20       0.8757442 0.5202889 0.04184673
6 debugset   ctree2   30       0.8757442 0.5202889 0.04184673

  datafolder mlmethod mincriterion inscore   outscore  sd        
1 debugset   ctree    0.05         0.8627904 0.5096175 0.05317761
2 debugset   ctree    0.10         0.7808212 0.5177127 0.04672639
3 debugset   ctree    0.30         0.6325286 0.5181330 0.02392313
4 debugset   ctree    0.50         0.6256312 0.5069790 0.03085714
5 debugset   ctree    0.70         0.5000000 0.5000000 0.00000000
6 debugset   ctree    0.80         0.5000000 0.5000000 0.00000000
7 debugset   ctree    0.90         0.5000000 0.5000000 0.00000000
8 debugset   ctree    0.95         0.5000000 0.5000000 0.00000000

   datafolder mlmethod n.trees shrinkage interaction.depth inscore   outscore  sd        
1  debugset   gbm      100     1e-04      1                0.8391503 0.5825827 0.06696397
2  debugset   gbm      100     1e-04      2                0.9139311 0.5831472 0.06267928
3  debugset   gbm      100     1e-04     10                0.9375032 0.5858117 0.06944861
4  debugset   gbm      100     1e-01      1                0.9723988 0.5266031 0.10095758
5  debugset   gbm      100     1e-01      2                0.9994426 0.5777557 0.09813843
6  debugset   gbm      100     1e-01     10                1.0000000 0.5642301 0.09176902
7  debugset   gbm      100     1e+00      1                0.6329312 0.5302262 0.05989222
8  debugset   gbm      100     1e+00      2                0.7802762 0.4959631 0.08018690
9  debugset   gbm      100     1e+00     10                0.7684441 0.5337944 0.03971895
10 debugset   gbm      100     1e+03      1                0.5171533 0.5121608 0.05211681
11 debugset   gbm      100     1e+03      2                0.5856179 0.5284195 0.04998073
12 debugset   gbm      100     1e+03     10                0.6290256 0.5068571 0.06156711
13 debugset   gbm      300     1e-04      1                0.8537691 0.5751382 0.06293856
14 debugset   gbm      300     1e-04      2                0.9155302 0.5796873 0.07613698
15 debugset   gbm      300     1e-04     10                0.9517393 0.5747229 0.06721126
16 debugset   gbm      300     1e-01      1                1.0000000 0.5563237 0.09025470
17 debugset   gbm      300     1e-01      2                1.0000000 0.5654573 0.07276635
18 debugset   gbm      300     1e-01     10                1.0000000 0.5531172 0.09257861
19 debugset   gbm      300     1e+00      1                0.6391557 0.4837074 0.02449348
20 debugset   gbm      300     1e+00      2                0.5212272 0.5288264 0.05477761
21 debugset   gbm      300     1e+00     10                0.7746928 0.5793191 0.05050599
22 debugset   gbm      300     1e+03      1                0.5434185 0.5018186 0.06809714
23 debugset   gbm      300     1e+03      2                0.6099318 0.5331421 0.04591734
24 debugset   gbm      300     1e+03     10                0.6244228 0.5143007 0.04293732
25 debugset   gbm      500     1e-04      1                0.8538600 0.5837153 0.05637101
26 debugset   gbm      500     1e-04      2                0.9209858 0.5806157 0.07873611
27 debugset   gbm      500     1e-04     10                0.9526550 0.5761852 0.07514308
28 debugset   gbm      500     1e-01      1                1.0000000 0.5538480 0.07897115
29 debugset   gbm      500     1e-01      2                1.0000000 0.5353608 0.08443353
30 debugset   gbm      500     1e-01     10                1.0000000 0.5601194 0.11367990
31 debugset   gbm      500     1e+00      1                0.6384142 0.5073885 0.01102696
32 debugset   gbm      500     1e+00      2                0.6404029 0.4822475 0.03975435
33 debugset   gbm      500     1e+00     10                0.8836499 0.5825916 0.10040019
34 debugset   gbm      500     1e+03      1                0.5583308 0.5358162 0.04141077
35 debugset   gbm      500     1e+03      2                0.6648707 0.5460136 0.05098258
36 debugset   gbm      500     1e+03     10                0.5816283 0.5086279 0.02597963

  datafolder mlmethod C      inscore   outscore  sd         
1 debugset   J48      0.0001 0.5412608 0.5053679 0.009217028
2 debugset   J48      0.0100 0.6167357 0.5003271 0.001459587
3 debugset   J48      0.1000 0.6450600 0.5174871 0.033405819
4 debugset   J48      0.2000 0.6450600 0.5174871 0.033405819
5 debugset   J48      0.5000 0.6942328 0.5135809 0.036866537
6 debugset   J48      0.9000 0.6942328 0.5135809 0.036866537
7 debugset   J48      0.9900 0.6942328 0.5135809 0.036866537

  datafolder mlmethod   nIter inscore   outscore  sd        
1 debugset   LogitBoost  20   0.9843289 0.5425078 0.06918308
2 debugset   LogitBoost  50   1.0000000 0.6049293 0.08184045
3 debugset   LogitBoost 100   1.0000000 0.5544226 0.09624225
4 debugset   LogitBoost 400   1.0000000 0.5656821 0.11940562

   datafolder mlmethod maxit decay inscore   outscore  sd        
1  debugset   multinom 100   1e-03 0.7835392 0.4828668 0.04644599
2  debugset   multinom 100   1e-01 0.7837202 0.4829040 0.04947234
3  debugset   multinom 100   1e+00 0.7822662 0.5351558 0.05340313
4  debugset   multinom 100   1e+01 0.7548955 0.5611023 0.07615632
5  debugset   multinom 100   1e+03 0.6000600 0.5523012 0.05209008
6  debugset   multinom 300   1e-03 0.7835392 0.4828668 0.04644599
7  debugset   multinom 300   1e-01 0.7837202 0.4829040 0.04947234
8  debugset   multinom 300   1e+00 0.7822662 0.5351558 0.05340313
9  debugset   multinom 300   1e+01 0.7548955 0.5611023 0.07615632
10 debugset   multinom 300   1e+03 0.6000600 0.5523012 0.05209008
11 debugset   multinom 500   1e-03 0.7835392 0.4828668 0.04644599
12 debugset   multinom 500   1e-01 0.7837202 0.4829040 0.04947234
13 debugset   multinom 500   1e+00 0.7822662 0.5351558 0.05340313
14 debugset   multinom 500   1e+01 0.7548955 0.5611023 0.07615632
15 debugset   multinom 500   1e+03 0.6000600 0.5523012 0.05209008

   datafolder mlmethod ntree mtry nodesize inscore   outscore  sd        
1  debugset   rf        50    10    1      1.0000000 0.5488468 0.08619509
2  debugset   rf        50    10   10      0.9997128 0.5588922 0.08614900
3  debugset   rf        50    10  100      0.8520692 0.5772973 0.06988481
4  debugset   rf        50    50    1      1.0000000 0.5835839 0.11762740
5  debugset   rf        50    50   10      0.9995176 0.5539769 0.09113143
6  debugset   rf        50    50  100      0.8600420 0.5812626 0.07590621
7  debugset   rf        50   100    1      1.0000000 0.5616567 0.08234994
8  debugset   rf        50   100   10      0.9992259 0.5655955 0.10784685
9  debugset   rf        50   100  100      0.8247116 0.5349538 0.10571328
10 debugset   rf        50   500    1      1.0000000 0.5712780 0.09510396
11 debugset   rf        50   500   10      0.9987417 0.5680806 0.06160479
12 debugset   rf        50   500  100      0.8537321 0.5813414 0.04354956
13 debugset   rf       200    10    1      1.0000000 0.5659049 0.08031044
14 debugset   rf       200    10   10      0.9998851 0.5615078 0.08069558
15 debugset   rf       200    10  100      0.8666404 0.5903250 0.08535067
16 debugset   rf       200    50    1      1.0000000 0.5585768 0.08284900
17 debugset   rf       200    50   10      1.0000000 0.5703412 0.09693309
18 debugset   rf       200    50  100      0.8554592 0.5905342 0.08205832
19 debugset   rf       200   100    1      1.0000000 0.5667876 0.08559328
20 debugset   rf       200   100   10      0.9991775 0.5763166 0.09653450
21 debugset   rf       200   100  100      0.8582430 0.5900793 0.08018874
22 debugset   rf       200   500    1      1.0000000 0.5755994 0.10202885
23 debugset   rf       200   500   10      0.9995404 0.5759866 0.09436360
24 debugset   rf       200   500  100      0.8546598 0.5673716 0.09998865
25 debugset   rf       500    10    1      1.0000000 0.5634490 0.08840574
26 debugset   rf       500    10   10      1.0000000 0.5720721 0.09973725
27 debugset   rf       500    10  100      0.8716963 0.5666492 0.09363056
28 debugset   rf       500    50    1      1.0000000 0.5724155 0.10240647
29 debugset   rf       500    50   10      0.9997702 0.5695379 0.09629080
30 debugset   rf       500    50  100      0.8581009 0.5844419 0.09588386
31 debugset   rf       500   100    1      1.0000000 0.5673285 0.08681769
32 debugset   rf       500   100   10      0.9997611 0.5696009 0.10406883
33 debugset   rf       500   100  100      0.8631351 0.5806256 0.09403158
34 debugset   rf       500   500    1      1.0000000 0.5675188 0.08502210
35 debugset   rf       500   500   10      0.9996553 0.5744347 0.09668506
36 debugset   rf       500   500  100      0.8636518 0.5773533 0.09247721

  datafolder mlmethod maxdepth inscore   outscore  sd        
1 debugset   rpart2    1       0.5439204 0.4924710 0.01726965
2 debugset   rpart2    5       0.8540993 0.5580672 0.04695671
3 debugset   rpart2   10       0.8540993 0.5580672 0.04695671
4 debugset   rpart2   20       0.8540993 0.5580672 0.04695671
5 debugset   rpart2   30       0.8540993 0.5580672 0.04695671

  datafolder mlmethod cp    inscore   outscore  sd        
1 debugset   rpart    1e-04 0.8540993 0.5580672 0.04695671
2 debugset   rpart    1e-02 0.8540993 0.5580672 0.04695671
3 debugset   rpart    5e-02 0.8286583 0.5552251 0.04405557
4 debugset   rpart    1e-01 0.6735998 0.5137024 0.06672440
5 debugset   rpart    2e-01 0.5000000 0.5000000 0.00000000
6 debugset   rpart    5e-01 0.5000000 0.5000000 0.00000000
7 debugset   rpart    8e-01 0.5000000 0.5000000 0.00000000

    datafolder mlmethod ntree mtry nodesize coefReg inscore   outscore  sd        
1   debugset   rrf      100     5    1      0.25    1.0000000 0.5153419 0.04284429
2   debugset   rrf      100     5    1      0.50    1.0000000 0.5304279 0.06240385
3   debugset   rrf      100     5    1      0.75    1.0000000 0.5777402 0.05504386
4   debugset   rrf      100     5    5      0.25    0.9662209 0.5523425 0.04557607
5   debugset   rrf      100     5    5      0.50    0.9602599 0.5471367 0.04768213
6   debugset   rrf      100     5    5      0.75    0.9994256 0.6038976 0.04746753
7   debugset   rrf      100     5   10      0.25    0.9027833 0.5416777 0.06299352
8   debugset   rrf      100     5   10      0.50    0.8934957 0.5720571 0.03928395
9   debugset   rrf      100     5   10      0.75    0.9898946 0.5914361 0.05917366
10  debugset   rrf      100     5  100      0.25    0.6160528 0.5470887 0.04698589
11  debugset   rrf      100     5  100      0.50    0.6373882 0.5204969 0.03969849
12  debugset   rrf      100     5  100      0.75    0.6493129 0.5007530 0.07193388
13  debugset   rrf      100    50    1      0.25    1.0000000 0.5197120 0.02244691
14  debugset   rrf      100    50    1      0.50    1.0000000 0.5423817 0.03967394
15  debugset   rrf      100    50    1      0.75    1.0000000 0.5461498 0.05207496
16  debugset   rrf      100    50    5      0.25    0.9424863 0.5710146 0.05261660
17  debugset   rrf      100    50    5      0.50    0.9681744 0.5434996 0.02158809
18  debugset   rrf      100    50    5      0.75    1.0000000 0.5473833 0.07519050
19  debugset   rrf      100    50   10      0.25    0.9150806 0.5517543 0.01821732
20  debugset   rrf      100    50   10      0.50    0.8992746 0.5441028 0.04218341
21  debugset   rrf      100    50   10      0.75    0.9803011 0.5868461 0.04934302
22  debugset   rrf      100    50  100      0.25    0.6648838 0.5591866 0.05429158
23  debugset   rrf      100    50  100      0.50    0.6472393 0.5138938 0.04456726
24  debugset   rrf      100    50  100      0.75    0.6411330 0.5494623 0.05692724
25  debugset   rrf      100   150    1      0.25    1.0000000 0.5859505 0.05102082
26  debugset   rrf      100   150    1      0.50    1.0000000 0.5622889 0.02438530
27  debugset   rrf      100   150    1      0.75    1.0000000 0.5578676 0.04185743
28  debugset   rrf      100   150    5      0.25    0.9539617 0.5057962 0.02766469
29  debugset   rrf      100   150    5      0.50    0.9478099 0.5725712 0.07170770
30  debugset   rrf      100   150    5      0.75    0.9992833 0.5444627 0.03011587
31  debugset   rrf      100   150   10      0.25    0.9116034 0.5372846 0.05077353
32  debugset   rrf      100   150   10      0.50    0.8957860 0.5934297 0.04797534
33  debugset   rrf      100   150   10      0.75    0.9896184 0.5701536 0.05826950
34  debugset   rrf      100   150  100      0.25    0.6307858 0.5411930 0.02803689
35  debugset   rrf      100   150  100      0.50    0.6636966 0.5291531 0.07499678
36  debugset   rrf      100   150  100      0.75    0.6583603 0.5237033 0.07155455
37  debugset   rrf      500     5    1      0.25    1.0000000 0.5391271 0.01973277
38  debugset   rrf      500     5    1      0.50    1.0000000 0.5320900 0.03870355
39  debugset   rrf      500     5    1      0.75    1.0000000 0.5746834 0.10083429
40  debugset   rrf      500     5    5      0.25    0.9633879 0.5665041 0.05066821
41  debugset   rrf      500     5    5      0.50    0.9627381 0.5459382 0.02375491
42  debugset   rrf      500     5    5      0.75    1.0000000 0.5689008 0.06925780
43  debugset   rrf      500     5   10      0.25    0.9113978 0.5572459 0.05574433
44  debugset   rrf      500     5   10      0.50    0.9098979 0.5462764 0.02303937
45  debugset   rrf      500     5   10      0.75    0.9937999 0.5327052 0.08621976
46  debugset   rrf      500     5  100      0.25    0.6471419 0.5438667 0.05191162
47  debugset   rrf      500     5  100      0.50    0.6399070 0.5189605 0.05606121
48  debugset   rrf      500     5  100      0.75    0.6446435 0.5329594 0.07781162
49  debugset   rrf      500    50    1      0.25    1.0000000 0.5407937 0.01840631
50  debugset   rrf      500    50    1      0.50    1.0000000 0.5317505 0.03017046
51  debugset   rrf      500    50    1      0.75    1.0000000 0.5762204 0.09230319
52  debugset   rrf      500    50    5      0.25    0.9527451 0.5627965 0.05184976
53  debugset   rrf      500    50    5      0.50    0.9619293 0.5349873 0.04137556
54  debugset   rrf      500    50    5      0.75    1.0000000 0.5533128 0.08222640
55  debugset   rrf      500    50   10      0.25    0.8881782 0.5561701 0.07065926
56  debugset   rrf      500    50   10      0.50    0.9062451 0.5891387 0.05243398
57  debugset   rrf      500    50   10      0.75    0.9973393 0.5515828 0.09182280
58  debugset   rrf      500    50  100      0.25    0.6682465 0.5145949 0.03772209
59  debugset   rrf      500    50  100      0.50    0.6369411 0.6137534 0.03829847
60  debugset   rrf      500    50  100      0.75    0.6560221 0.5727234 0.07161605
61  debugset   rrf      500   150    1      0.25    1.0000000 0.5209328 0.03132579
62  debugset   rrf      500   150    1      0.50    1.0000000 0.5516651 0.03193415
63  debugset   rrf      500   150    1      0.75    1.0000000 0.5906615 0.09154883
64  debugset   rrf      500   150    5      0.25    0.9574274 0.5632509 0.04083111
65  debugset   rrf      500   150    5      0.50    0.9630615 0.5255927 0.02262240
66  debugset   rrf      500   150    5      0.75    1.0000000 0.5388793 0.07062329
67  debugset   rrf      500   150   10      0.25    0.8972722 0.5664000 0.07956816
68  debugset   rrf      500   150   10      0.50    0.8995554 0.5652459 0.04281706
69  debugset   rrf      500   150   10      0.75    0.9971943 0.5692707 0.04361903
70  debugset   rrf      500   150  100      0.25    0.6372839 0.5642407 0.02879036
71  debugset   rrf      500   150  100      0.50    0.6488164 0.5492803 0.03620323
72  debugset   rrf      500   150  100      0.75    0.6543690 0.4919210 0.04719402
73  debugset   rrf      700     5    1      0.25    1.0000000 0.5084497 0.04356886
74  debugset   rrf      700     5    1      0.50    1.0000000 0.5958885 0.03439066
75  debugset   rrf      700     5    1      0.75    1.0000000 0.5356586 0.05890323
76  debugset   rrf      700     5    5      0.25    0.9679497 0.5299122 0.05640386
77  debugset   rrf      700     5    5      0.50    0.9633733 0.5137970 0.01119259
78  debugset   rrf      700     5    5      0.75    0.9998760 0.5482716 0.05588883
79  debugset   rrf      700     5   10      0.25    0.8959605 0.5873848 0.04220218
80  debugset   rrf      700     5   10      0.50    0.8881179 0.6093316 0.04699206
81  debugset   rrf      700     5   10      0.75    0.9928611 0.5599044 0.02654391
82  debugset   rrf      700     5  100      0.25    0.6280346 0.5335495 0.02858993
83  debugset   rrf      700     5  100      0.50    0.6371532 0.4880439 0.02222367
84  debugset   rrf      700     5  100      0.75    0.6581371 0.5591843 0.06581684
85  debugset   rrf      700    50    1      0.25    1.0000000 0.5530765 0.01608560
86  debugset   rrf      700    50    1      0.50    1.0000000 0.5430243 0.02128412
87  debugset   rrf      700    50    1      0.75    1.0000000 0.5586392 0.08239856
88  debugset   rrf      700    50    5      0.25    0.9564724 0.5373408 0.04308854
89  debugset   rrf      700    50    5      0.50    0.9710041 0.5149540 0.03602377
90  debugset   rrf      700    50    5      0.75    1.0000000 0.5579949 0.09178257
91  debugset   rrf      700    50   10      0.25    0.9054396 0.5360478 0.02647057
92  debugset   rrf      700    50   10      0.50    0.8971325 0.5775472 0.07655601
93  debugset   rrf      700    50   10      0.75    0.9978955 0.5935673 0.07184038
94  debugset   rrf      700    50  100      0.25    0.6369477 0.5987699 0.05527504
95  debugset   rrf      700    50  100      0.50    0.6546522 0.5947795 0.01917249
96  debugset   rrf      700    50  100      0.75    0.6680930 0.5690914 0.02573641
97  debugset   rrf      700   150    1      0.25    1.0000000 0.5659971 0.04603203
98  debugset   rrf      700   150    1      0.50    1.0000000 0.5760917 0.05892966
99  debugset   rrf      700   150    1      0.75    1.0000000 0.5776919 0.08367734
100 debugset   rrf      700   150    5      0.25    0.9434489 0.5506333 0.05585989
101 debugset   rrf      700   150    5      0.50    0.9640476 0.5355552 0.03007932
102 debugset   rrf      700   150    5      0.75    1.0000000 0.5320022 0.01706155
103 debugset   rrf      700   150   10      0.25    0.8972113 0.5788117 0.06605522
104 debugset   rrf      700   150   10      0.50    0.9054896 0.5649061 0.05370432
105 debugset   rrf      700   150   10      0.75    0.9963038 0.5873524 0.08051659
106 debugset   rrf      700   150  100      0.25    0.6639270 0.5747221 0.03933496
107 debugset   rrf      700   150  100      0.50    0.6531359 0.5396198 0.05149912
108 debugset   rrf      700   150  100      0.75    0.6825666 0.5784071 0.05559248

  datafolder mlmethod none inscore outscore  sd        
1 debugset   treebag  0    1       0.5679539 0.06843012

