  datafolder mlmethod n.iter inscore   outscore  sd        
1 meta       bayesglm  10    0.5966576 0.5800416 0.06059296
2 meta       bayesglm 100    0.5966576 0.5800416 0.06059296
3 meta       bayesglm 300    0.5966576 0.5800416 0.06059296

   datafolder mlmethod n.trees shrinkage interaction.depth inscore   outscore  sd        
1  meta       gbm      100     1e-04      1                0.6167744 0.5795355 0.05366624
2  meta       gbm      100     1e-04      2                0.6537178 0.5804042 0.05585993
3  meta       gbm      100     1e-04     10                0.7107838 0.5687029 0.04902676
4  meta       gbm      100     1e-01      1                0.6988414 0.5917962 0.05303801
5  meta       gbm      100     1e-01      2                0.7169428 0.5824579 0.05219953
6  meta       gbm      100     1e-01     10                0.7907553 0.5539750 0.02287385
7  meta       gbm      100     1e+00      1                0.7215951 0.5642323 0.04943757
8  meta       gbm      100     1e+00      2                0.7360149 0.5477177 0.03720807
9  meta       gbm      100     1e+00     10                0.8128032 0.5395624 0.03413597
10 meta       gbm      100     1e+03      1                0.5041516 0.5000000 0.00000000
11 meta       gbm      100     1e+03      2                0.5168928 0.5000000 0.00000000
12 meta       gbm      100     1e+03     10                0.5799930 0.4959609 0.01581409
13 meta       gbm      300     1e-04      1                0.6180149 0.5802114 0.05584134
14 meta       gbm      300     1e-04      2                0.6563193 0.5799802 0.05594086
15 meta       gbm      300     1e-04     10                0.7111511 0.5480743 0.05880213
16 meta       gbm      300     1e-01      1                0.7123660 0.5923175 0.05185568
17 meta       gbm      300     1e-01      2                0.7394764 0.5678738 0.04051928
18 meta       gbm      300     1e-01     10                0.8589715 0.5413691 0.03164250
19 meta       gbm      300     1e+00      1                0.7365906 0.5532169 0.03802987
20 meta       gbm      300     1e+00      2                0.7715946 0.5219051 0.02604953
21 meta       gbm      300     1e+00     10                0.7752232 0.5230733 0.02696804
22 meta       gbm      300     1e+03      1                0.5041516 0.5000000 0.00000000
23 meta       gbm      300     1e+03      2                0.5212644 0.5000000 0.00000000
24 meta       gbm      300     1e+03     10                0.5667165 0.4922827 0.03645707
25 meta       gbm      500     1e-04      1                0.6215417 0.5809242 0.05541938
26 meta       gbm      500     1e-04      2                0.6585746 0.5828765 0.05594606
27 meta       gbm      500     1e-04     10                0.7114851 0.5510871 0.05824641
28 meta       gbm      500     1e-01      1                0.7179917 0.5885984 0.04719834
29 meta       gbm      500     1e-01      2                0.7545795 0.5632057 0.03784375
30 meta       gbm      500     1e-01     10                0.8949823 0.5377099 0.01946902
31 meta       gbm      500     1e+00      1                0.7518134 0.5568732 0.05101927
32 meta       gbm      500     1e+00      2                0.7807211 0.5347165 0.03970324
33 meta       gbm      500     1e+00     10                0.7401492 0.5264710 0.02705560
34 meta       gbm      500     1e+03      1                0.5041516 0.5000000 0.00000000
35 meta       gbm      500     1e+03      2                0.5162883 0.5000000 0.00000000
36 meta       gbm      500     1e+03     10                0.5807259 0.5123037 0.03130825

  datafolder mlmethod family   inscore   outscore  sd       
1 meta       glm      binomial 0.5968291 0.5752359 0.0639069

  datafolder mlmethod C      inscore   outscore  sd        
1 meta       J48      0.0001 0.5000000 0.5000000 0.00000000
2 meta       J48      0.0100 0.5000000 0.5000000 0.00000000
3 meta       J48      0.1000 0.5076127 0.5095587 0.03298550
4 meta       J48      0.2000 0.6002446 0.5293947 0.04630800
5 meta       J48      0.5000 0.6480128 0.5462171 0.04992517
6 meta       J48      0.9000 0.6534724 0.5449074 0.04855427
7 meta       J48      0.9900 0.6534724 0.5449074 0.04855427

  datafolder mlmethod   nIter inscore   outscore  sd        
1 meta       LogitBoost  20   0.6384165 0.5282167 0.02609721
2 meta       LogitBoost  50   0.6389830 0.5134053 0.02732644
3 meta       LogitBoost 100   0.6462754 0.5123657 0.03122695
4 meta       LogitBoost 400   0.6578916 0.5105159 0.02532256

   datafolder mlmethod maxit decay inscore   outscore  sd        
1  meta       multinom 100   1e-03 0.5968292 0.5752408 0.06392103
2  meta       multinom 100   1e-01 0.5968424 0.5751866 0.06389874
3  meta       multinom 100   1e+00 0.5969042 0.5744286 0.06347250
4  meta       multinom 100   1e+01 0.5950415 0.5691018 0.06207746
5  meta       multinom 100   1e+03 0.5259758 0.5357986 0.04324243
6  meta       multinom 300   1e-03 0.5968292 0.5752408 0.06392103
7  meta       multinom 300   1e-01 0.5968424 0.5751866 0.06389874
8  meta       multinom 300   1e+00 0.5969042 0.5744286 0.06347250
9  meta       multinom 300   1e+01 0.5950415 0.5691018 0.06207746
10 meta       multinom 300   1e+03 0.5259758 0.5357986 0.04324243
11 meta       multinom 500   1e-03 0.5968292 0.5752408 0.06392103
12 meta       multinom 500   1e-01 0.5968424 0.5751866 0.06389874
13 meta       multinom 500   1e+00 0.5969042 0.5744286 0.06347250
14 meta       multinom 500   1e+01 0.5950415 0.5691018 0.06207746
15 meta       multinom 500   1e+03 0.5259758 0.5357986 0.04324243

   datafolder mlmethod ntree mtry nodesize inscore   outscore  sd        
1  meta       rf        50    10    1      0.9999980 0.5378326 0.02806260
2  meta       rf        50    10   10      0.9636072 0.5453359 0.03291924
3  meta       rf        50    10  100      0.7597028 0.5315972 0.03356415
4  meta       rf        50    50    1      0.9999967 0.5332298 0.02552052
5  meta       rf        50    50   10      0.9636779 0.5469434 0.02918247
6  meta       rf        50    50  100      0.7590343 0.5330527 0.03264349
7  meta       rf        50   100    1      0.9999982 0.5287857 0.02668132
8  meta       rf        50   100   10      0.9634903 0.5348100 0.03644666
9  meta       rf        50   100  100      0.7580901 0.5287990 0.05109006
10 meta       rf        50   500    1      0.9999973 0.5334193 0.01951251
11 meta       rf        50   500   10      0.9636186 0.5399181 0.02627042
12 meta       rf        50   500  100      0.7569810 0.5407624 0.04019712
13 meta       rf       200    10    1      1.0000000 0.5326927 0.02352637
14 meta       rf       200    10   10      0.9695227 0.5369611 0.02951515
15 meta       rf       200    10  100      0.7734105 0.5358462 0.05113174
16 meta       rf       200    50    1      1.0000000 0.5331805 0.03377239
17 meta       rf       200    50   10      0.9697855 0.5314166 0.03711150
18 meta       rf       200    50  100      0.7743312 0.5372876 0.04244467
19 meta       rf       200   100    1      1.0000000 0.5354306 0.01841138
20 meta       rf       200   100   10      0.9696410 0.5321867 0.03361330
21 meta       rf       200   100  100      0.7737047 0.5268660 0.04836922
22 meta       rf       200   500    1      1.0000000 0.5214544 0.03226001
23 meta       rf       200   500   10      0.9694636 0.5445505 0.02356372
24 meta       rf       200   500  100      0.7742604 0.5390650 0.03820664
25 meta       rf       500    10    1      1.0000000 0.5340868 0.02543017
26 meta       rf       500    10   10      0.9705425 0.5403264 0.02906187
27 meta       rf       500    10  100      0.7777193 0.5396732 0.04847407
28 meta       rf       500    50    1      1.0000000 0.5295590 0.03005700
29 meta       rf       500    50   10      0.9707786 0.5378085 0.02588504
30 meta       rf       500    50  100      0.7780054 0.5395211 0.04542955
31 meta       rf       500   100    1      1.0000000 0.5301616 0.03000020
32 meta       rf       500   100   10      0.9707011 0.5314637 0.03192084
33 meta       rf       500   100  100      0.7775677 0.5370663 0.04460097
34 meta       rf       500   500    1      1.0000000 0.5344395 0.02340869
35 meta       rf       500   500   10      0.9707567 0.5282083 0.04107609
36 meta       rf       500   500  100      0.7774194 0.5376986 0.04798199

  datafolder mlmethod maxdepth inscore outscore sd
1 meta       rpart2    1       0.5     0.5      0 
2 meta       rpart2    5       0.5     0.5      0 
3 meta       rpart2   10       0.5     0.5      0 
4 meta       rpart2   20       0.5     0.5      0 
5 meta       rpart2   30       0.5     0.5      0 

  datafolder mlmethod cp    inscore   outscore  sd        
1 meta       rpart    1e-04 0.8204536 0.5238235 0.04096262
2 meta       rpart    1e-02 0.5000000 0.5000000 0.00000000
3 meta       rpart    5e-02 0.5000000 0.5000000 0.00000000
4 meta       rpart    1e-01 0.5000000 0.5000000 0.00000000
5 meta       rpart    2e-01 0.5000000 0.5000000 0.00000000
6 meta       rpart    5e-01 0.5000000 0.5000000 0.00000000
7 meta       rpart    8e-01 0.5000000 0.5000000 0.00000000

